1.0776327848434448,-0.4020044803619385
-1.1961811780929565,1.0757286548614502
-2.026939868927002,1.6152739524841309
-0.4644654095172882,0.750114381313324
-2.9788408279418945,2.2599101066589355
-2.079709053039551,1.6566284894943237
3.3772997856140137,-2.5809972286224365
-2.46488618850708,1.8532278537750244
-1.6127395629882812,1.4463859796524048
-2.9478323459625244,2.145843744277954
1.0655678510665894,-0.3573554754257202
-0.3343885838985443,0.5391598343849182
2.68164324760437,-1.683735728263855
3.1687748432159424,-2.469388246536255
-0.5302373170852661,0.7967021465301514
-1.0496841669082642,1.1124285459518433
-3.081402063369751,2.249582290649414
-2.957216739654541,2.1079463958740234
-2.5379981994628906,1.9315686225891113
3.0824763774871826,-2.3272969722747803
1.5269113779067993,-0.5691399574279785
-2.3689310550689697,1.7475001811981201
2.9887988567352295,-2.3258402347564697
-0.010809019207954407,0.47630372643470764
-2.982933521270752,2.2281675338745117
-0.5415804982185364,0.730071485042572
1.725634217262268,-0.798347532749176
3.485117197036743,-2.6793673038482666
-2.8771603107452393,2.09942889213562
2.3189163208007812,-1.548827052116394
-0.47387513518333435,0.8502567410469055
2.279118299484253,-1.1296542882919312
2.5286457538604736,-1.6901599168777466
-3.2254433631896973,2.2970707416534424
2.511580467224121,-1.4556167125701904
-2.5453760623931885,2.0178627967834473
-1.629975438117981,1.393993616104126
-3.174511194229126,2.3096365928649902
-1.0882748365402222,1.180895447731018
0.40590235590934753,0.21310147643089294
-2.470398426055908,1.9076581001281738
1.486709713935852,-0.7467137575149536
-0.8232998251914978,1.0500584840774536
3.428647041320801,-2.6341052055358887
0.05127204954624176,0.1948997527360916
3.506801128387451,-2.6810896396636963
-1.0982900857925415,1.1236525774002075
-2.613823890686035,2.0182712078094482
3.3181777000427246,-2.1870052814483643
-1.8028393983840942,1.3316314220428467
2.894854784011841,-2.187209367752075
2.860189914703369,-1.9522546529769897
-1.0621898174285889,1.1092530488967896
-2.919055700302124,2.1068923473358154
-2.3742294311523438,1.8444193601608276
-2.9657883644104004,2.1875529289245605
0.7514477968215942,-0.05921459570527077
3.2509572505950928,-2.431382894515991
-1.2167760133743286,1.2091962099075317
1.0468579530715942,-0.45699799060821533
3.2391860485076904,-2.4296298027038574
-1.6196647882461548,1.4259086847305298
-2.286616325378418,1.8665895462036133
-2.2001423835754395,1.7222886085510254
-1.403714895248413,1.276661992073059
2.453711986541748,-1.6441608667373657
-2.8593387603759766,2.163663625717163
3.5458905696868896,-2.63523530960083
0.23754602670669556,0.3163738250732422
-2.8732430934906006,2.1055288314819336
-2.2087833881378174,1.7211648225784302
-1.7581400871276855,1.3045228719711304
-0.9908761382102966,1.1252553462982178
-1.3785475492477417,1.1867305040359497
-2.1243889331817627,1.7117619514465332
1.2024418115615845,-0.2341822236776352
-2.3054358959198,1.8225531578063965
0.945867121219635,-0.3446587920188904
0.8308762311935425,-0.2676282823085785
-1.8728030920028687,1.5329632759094238
1.6761045455932617,-0.6892530918121338
0.3916057348251343,0.05189315602183342
-0.6367517113685608,0.8530126810073853
0.9610075950622559,-0.12712159752845764
-2.538025379180908,2.0010387897491455
-0.03458276018500328,0.4521694481372833
2.4290757179260254,-1.2550806999206543
-0.42602837085723877,0.6318057775497437
-2.2057225704193115,1.7282620668411255
-0.7768566608428955,0.7374675869941711
3.099932909011841,-2.1422669887542725
-2.742954730987549,2.0448567867279053
-0.30341044068336487,0.48889070749282837
-2.792353868484497,2.13509464263916
-2.0733203887939453,1.7087266445159912
-2.2712531089782715,1.8198583126068115
-1.1934810876846313,1.043958067893982
2.226914167404175,-1.2158318758010864
3.532939910888672,-2.6755945682525635
0.6927240490913391,-0.008104164153337479
-2.5889594554901123,2.0560238361358643
-2.0076406002044678,1.6969987154006958
2.201289653778076,-1.1571812629699707
0.4425639510154724,-0.053480058908462524
2.5148909091949463,-1.4465501308441162
-2.066448211669922,1.739096999168396
2.501577138900757,-1.3902521133422852
3.552123785018921,-2.6751163005828857
0.17819836735725403,0.15283840894699097
-1.6267788410186768,1.5285757780075073
-0.4612155556678772,0.7378414869308472
0.1908753514289856,0.12077107280492783
-0.43479591608047485,0.4489821791648865
0.03858264908194542,0.48677268624305725
-0.2600710093975067,0.5963490605354309
3.4282805919647217,-2.575242757797241
0.3479757010936737,0.1702861487865448
-1.7112393379211426,1.5085878372192383
-0.7507843375205994,0.8014490604400635
0.5442530512809753,-0.05146842822432518
-1.4716929197311401,1.2480803728103638
-1.1642882823944092,1.2098267078399658
3.465686082839966,-2.5478079319000244
-1.9729228019714355,1.6976416110992432
2.9892313480377197,-2.0937397480010986
2.7024471759796143,-1.918219804763794
-1.8302983045578003,1.4937046766281128
-0.0808265209197998,0.1677384376525879
0.26471108198165894,0.13307343423366547
0.9760197997093201,-0.4330008327960968
0.8381401300430298,-0.17467474937438965
-2.6963376998901367,2.025125503540039
2.9028103351593018,-1.8709840774536133
2.539371967315674,-1.4892925024032593
-2.1615569591522217,1.8153153657913208
-0.25486040115356445,0.6761573553085327
0.15836045145988464,0.189236119389534
3.3415157794952393,-2.390991687774658
0.7043185830116272,-0.3069609999656677
-1.3214142322540283,1.213765263557434
-2.819119691848755,2.145167350769043
-1.1664494276046753,1.1597424745559692
0.4336102604866028,0.027569599449634552
-1.0318390130996704,1.0490517616271973
-1.2615747451782227,1.33291757106781
-2.5188450813293457,1.8573788404464722
-0.44561758637428284,0.6600265502929688
-1.1409978866577148,1.2261167764663696
-1.8891198635101318,1.4142967462539673
-3.029055118560791,2.1319708824157715
-2.992396354675293,2.2121031284332275
2.9226090908050537,-2.1396467685699463
2.059030771255493,-0.9260222315788269
0.1629570573568344,0.1672946810722351
-0.583736002445221,0.6887878775596619
3.4354217052459717,-2.649470090866089
-2.066448211669922,1.739096999168396
1.2943249940872192,-0.8474547266960144
-1.4047582149505615,1.165550708770752
-2.114593505859375,1.780339241027832
1.3881181478500366,-0.7224974036216736
-1.8240966796875,1.5183789730072021
-2.8115742206573486,2.1058449745178223
-1.184723973274231,1.3569505214691162
-0.9281321167945862,0.9380221962928772
-1.2930948734283447,1.2593001127243042
-1.8413077592849731,1.6010493040084839
-0.7607713937759399,0.8575520515441895
0.3099232614040375,0.1579717993736267
0.2896654009819031,0.16511593759059906
3.260497808456421,-2.531888484954834
1.7167596817016602,-0.6146463751792908
-2.9292681217193604,2.148789644241333
-1.4335169792175293,1.392907738685608
-0.061718933284282684,0.463219553232193
-2.0948305130004883,1.7006809711456299
-3.0289969444274902,2.241326093673706
3.45242977142334,-2.6579318046569824
0.48512932658195496,-0.0194837749004364
-1.5695639848709106,1.4176150560379028
-1.510847568511963,1.4488798379898071
3.4023547172546387,-2.635953187942505
-1.6590036153793335,1.2798665761947632
-2.4098315238952637,1.876473069190979
0.6202178001403809,-0.16388288140296936
-2.2829113006591797,1.7209833860397339
-1.3113738298416138,1.2548331022262573
1.4670135974884033,-0.5569143295288086
3.458087205886841,-2.393465518951416
2.884077787399292,-2.1430816650390625
-1.314221739768982,1.201514720916748
0.9640133380889893,-0.3876855969429016
-2.6987760066986084,2.0916733741760254
3.210785388946533,-2.304701805114746
3.3487913608551025,-2.599684238433838
-0.7142351865768433,0.7734084129333496
0.11155802011489868,0.23275290429592133
-3.172712564468384,2.32456111907959
1.621463418006897,-0.8722081780433655
-0.695351243019104,0.6918293833732605
-1.6498501300811768,1.4102357625961304
0.34830474853515625,0.21859867870807648
1.4444756507873535,-0.3986625373363495
-0.9567683935165405,1.04475998878479
2.490887403488159,-1.7865417003631592
3.4437618255615234,-2.546928644180298
-0.5401272177696228,0.6823328137397766
-2.9899537563323975,2.2301297187805176
-1.1435381174087524,1.0332210063934326
-0.9768798351287842,1.0032742023468018
-2.5889594554901123,2.0560238361358643
3.1573193073272705,-2.236546277999878
1.0555763244628906,-0.1539757251739502
3.3841142654418945,-2.6085450649261475
1.4894546270370483,-0.7146444320678711
-0.27571797370910645,0.46981239318847656
-1.0276967287063599,0.9505221843719482
0.18355438113212585,0.20196948945522308
2.685697555541992,-1.7968266010284424
-2.4453248977661133,1.937111735343933
0.2860583961009979,-0.026501987129449844
3.226872682571411,-2.414736747741699
0.9818284511566162,-0.2278883308172226
-2.375706672668457,1.8935317993164062
-1.1124343872070312,0.9518613815307617
-2.7591283321380615,1.940874695777893
1.550458550453186,-0.5223848819732666
0.3154829740524292,0.2020457535982132
-2.962752342224121,2.242980480194092
2.046674966812134,-1.3044286966323853
-0.5734716057777405,0.7298685908317566
-3.075132369995117,2.2335076332092285
-1.7420545816421509,1.504104733467102
-0.7828178405761719,0.6562618613243103
-3.153700590133667,2.268101692199707
1.6181881427764893,-0.5847600698471069
-2.4340481758117676,1.9506311416625977
0.7495743632316589,-0.010127037763595581
0.030132416635751724,0.20114929974079132
-1.3228987455368042,1.3541475534439087
-2.3725481033325195,1.7309825420379639
-1.5458130836486816,1.3200321197509766
0.8834884762763977,-0.051190488040447235
3.1300551891326904,-2.349773406982422
0.46638190746307373,0.05558318272233009
0.6733240485191345,-0.12769150733947754
-2.058408737182617,1.6884691715240479
-2.6446049213409424,2.0375869274139404
-1.8355096578598022,1.5565465688705444
-2.978018045425415,2.2140533924102783
-2.5161960124969482,1.9970221519470215
-0.5176646709442139,0.7723507881164551
3.2222673892974854,-2.399933099746704
3.4174630641937256,-2.6469781398773193
1.0273844003677368,-0.3519108295440674
1.567732810974121,-0.5879412889480591
3.307389974594116,-2.5470452308654785
-0.9625125527381897,1.0442463159561157
0.06895799934864044,0.2974960505962372
0.24831829965114594,0.12121692299842834
0.7033718228340149,-0.25402921438217163
-2.447183132171631,1.8912158012390137
0.48127976059913635,0.11455610394477844
2.5595316886901855,-1.3548309803009033
-2.4150869846343994,1.940644383430481
-2.02158784866333,1.7530673742294312
-2.4990768432617188,1.9494322538375854
1.6195420026779175,-0.8382300734519958
-1.1963576078414917,1.1527518033981323
3.4861974716186523,-2.497157335281372
1.083519458770752,-0.47397705912590027
-0.5386004447937012,0.7240138649940491
2.712216377258301,-1.597328782081604
-1.5378068685531616,1.4162722826004028
-1.5678149461746216,1.4570624828338623
3.454256772994995,-2.645094394683838
-0.23262377083301544,0.6053798794746399
2.3697686195373535,-1.4025133848190308
-1.6122324466705322,1.3176417350769043
-1.8598382472991943,1.565329909324646
-1.1927707195281982,1.176591396331787
-0.9977934956550598,1.0660690069198608
0.14068032801151276,0.052482835948467255
-2.1742758750915527,1.7711968421936035
2.861886501312256,-1.981583833694458
1.584363341331482,-0.6596828103065491
-0.5307985544204712,0.6399968266487122
-0.5097678303718567,0.7847059965133667
3.491474151611328,-2.6960110664367676
-2.8041160106658936,2.14418363571167
0.04800445958971977,0.01799161732196808
-1.8608214855194092,1.669765830039978
-2.8672308921813965,2.1601998805999756
-1.6914451122283936,1.5727773904800415
2.983668804168701,-2.205003023147583
1.0839160680770874,-0.3505328297615051
-2.7339322566986084,1.9378316402435303
-0.0017639213474467397,0.34839850664138794
-1.76898992061615,1.4968786239624023
1.9207886457443237,-1.0480341911315918
-1.8035898208618164,1.4738469123840332
3.4610555171966553,-2.5453410148620605
-1.260475754737854,1.1183711290359497
-2.017852783203125,1.6529858112335205
2.6033101081848145,-1.8277610540390015
-2.905306577682495,2.2505266666412354
3.362109661102295,-2.452704906463623
-1.8217946290969849,1.6159391403198242
-1.886314868927002,1.6319994926452637
-2.4962821006774902,1.9071059226989746
-2.7241954803466797,2.099043846130371
3.3538777828216553,-2.580937385559082
-0.4178001880645752,0.7252094149589539
1.3573039770126343,-0.5028852224349976
-1.108707308769226,1.1691982746124268
-2.2815709114074707,1.7248448133468628
2.6900923252105713,-1.9441555738449097
3.4609618186950684,-2.657003164291382
-1.6477733850479126,1.3461202383041382
0.6683173179626465,0.028474491089582443
0.08871675282716751,0.2729232609272003
3.448497772216797,-2.5452256202697754
-0.06572543829679489,0.4474422335624695
-1.9448002576828003,1.5941848754882812
-1.3225610256195068,1.2423712015151978
0.12492161244153976,0.23184843361377716
-1.070030927658081,1.125627040863037
3.2654991149902344,-2.4753668308258057
-2.939871311187744,2.2813007831573486
-2.3198118209838867,1.7505649328231812
0.3613204061985016,-0.06444436311721802
-0.5445148348808289,0.8800899386405945
0.44475969672203064,-0.019080499187111855
2.0152456760406494,-1.0173568725585938
0.3617055416107178,0.14527130126953125
-2.175522804260254,1.7673004865646362
2.2699177265167236,-1.149963617324829
-2.191115140914917,1.7018133401870728
3.5623691082000732,-2.6837542057037354
-1.3925002813339233,1.3661235570907593
0.18780265748500824,0.3472616672515869
-0.8264607191085815,1.0729968547821045
-0.03945234417915344,0.3670814335346222
3.4080066680908203,-2.555358648300171
-1.8000614643096924,1.5936167240142822
-0.722491443157196,0.6861377954483032
-1.8578252792358398,1.4809507131576538
0.38361525535583496,-0.0902259349822998
-3.2633354663848877,2.3656303882598877
-2.8473048210144043,2.1100564002990723
-1.773064136505127,1.4074549674987793
-2.908076047897339,2.2795867919921875
1.3498196601867676,-0.33985525369644165
-0.9484070539474487,0.830718457698822
-0.032936252653598785,0.30090752243995667
-0.8831515908241272,1.129920244216919
-0.7043177485466003,0.7809079885482788
2.060809373855591,-0.8393958806991577
0.8564130663871765,0.08502733707427979
0.21344467997550964,0.17245948314666748
3.4081127643585205,-2.3769898414611816
-1.4533504247665405,1.2211936712265015
-2.5168676376342773,1.8583269119262695
-2.9234142303466797,2.1993815898895264
2.197409152984619,-1.1004973649978638
0.5613085627555847,-0.27378028631210327
0.19554917514324188,0.23613643646240234
-1.1000919342041016,1.0218628644943237
0.7414955496788025,-0.2258506417274475
0.9511171579360962,-0.18034270405769348
-0.25339168310165405,0.45974910259246826
0.21532005071640015,0.11077384650707245
-1.7034121751785278,1.4304143190383911
2.710397481918335,-1.7144763469696045
-2.2929961681365967,1.815007209777832
3.4549152851104736,-2.65061354637146
-1.269917607307434,1.324609398841858
0.5297029614448547,-0.003826059401035309
3.0132319927215576,-2.2616052627563477
-1.1924629211425781,1.2514759302139282
-3.0384838581085205,2.262920379638672
3.0114476680755615,-2.0272560119628906
-2.7449095249176025,2.1345081329345703
0.041540469974279404,0.21189287304878235
1.9091047048568726,-1.1064854860305786
-3.1532278060913086,2.343032121658325
-3.0287230014801025,2.2896785736083984
-1.79002046585083,1.573324203491211
1.6507161855697632,-0.6238426566123962
2.8559951782226562,-1.9977836608886719
-1.480889081954956,1.2729920148849487
1.505744218826294,-0.424177885055542
2.8419299125671387,-1.7656959295272827
-1.3113738298416138,1.2548331022262573
-1.4491896629333496,1.203041911125183
-1.5570045709609985,1.4455949068069458
0.1113603487610817,0.4024578630924225
0.48994603753089905,-0.05997805297374725
-2.954820156097412,2.160020351409912
-0.8066481947898865,0.8498520851135254
-0.7010138034820557,0.7728394865989685
1.5636143684387207,-0.6551076173782349
-2.996563196182251,2.1725575923919678
3.32302188873291,-2.522955894470215
3.4280574321746826,-2.536567449569702
-2.8476741313934326,2.1824963092803955
-1.8902392387390137,1.4580358266830444
-1.9736535549163818,1.454195499420166
-0.4497663378715515,0.589654803276062
-0.6842114925384521,0.865362823009491
-0.9115520715713501,1.0558979511260986
3.381730318069458,-2.5096077919006348
-1.0677063465118408,0.9888749718666077
2.280592918395996,-1.2958041429519653
-2.0785388946533203,1.6663243770599365
-3.183668851852417,2.3145132064819336
-0.2690119743347168,0.5574071407318115
-1.9472209215164185,1.5636459589004517
3.5851151943206787,-2.52860164642334
2.1853928565979004,-1.3527252674102783
-2.391519784927368,1.9785733222961426
-2.469132423400879,1.9080971479415894
-2.727114677429199,2.0847339630126953
-1.7875498533248901,1.557494878768921
0.14011399447917938,-0.10313338041305542
3.386993646621704,-2.6216886043548584
-2.858645439147949,2.2001466751098633
0.25707417726516724,0.18066923320293427
2.2174267768859863,-1.1047818660736084
-0.5983089804649353,0.7527710199356079
-0.7952178716659546,0.8981502652168274
-1.7060954570770264,1.5046833753585815
-2.006622552871704,1.71675443649292
0.21985739469528198,0.11789705604314804
-1.0710363388061523,0.8581748604774475
-1.4220929145812988,1.403367280960083
-1.3557947874069214,1.301002860069275
3.5839669704437256,-2.514256477355957
0.3154829740524292,0.2020457535982132
-1.6914451122283936,1.5727773904800415
-0.7675232291221619,0.8639151453971863
-0.48367980122566223,0.8485372066497803
-1.3298875093460083,1.1302160024642944
-1.974011778831482,1.750710129737854
-0.9872258305549622,1.0116498470306396
-0.5075706839561462,0.5508972406387329
-0.8905794620513916,1.0206279754638672
-1.295026421546936,1.2622113227844238
-2.7143993377685547,2.032470941543579
2.440042495727539,-1.328489065170288
2.760272741317749,-2.0247480869293213
2.893693447113037,-1.8607368469238281
-1.902793526649475,1.5500155687332153
0.02335084229707718,0.3842484951019287
-1.0519546270370483,1.0363974571228027
2.7883670330047607,-1.8374335765838623
-2.2261898517608643,1.8037810325622559
-2.6969263553619385,1.9516438245773315
1.9806171655654907,-1.0429836511611938
0.35363927483558655,0.16069912910461426
1.6178934574127197,-0.8345078229904175
-1.4318512678146362,1.1830153465270996
-2.694545030593872,2.1310982704162598
-2.560063362121582,1.8508340120315552
0.27889034152030945,-0.08195790648460388
-3.0006768703460693,2.2488741874694824
2.871511697769165,-2.174875259399414
-0.3164477050304413,0.6444793343544006
-0.6974713802337646,0.721026599407196
-2.6910245418548584,2.077040433883667
-1.5083614587783813,1.4586749076843262
-1.6597124338150024,1.4114147424697876
2.738865613937378,-1.8267594575881958
0.423842191696167,-0.1598585695028305
0.9639902710914612,-0.23825208842754364
-2.1022772789001465,1.7745721340179443
1.6369400024414062,-0.7949939370155334
-3.2059402465820312,2.346931219100952
-0.2749526798725128,0.5288342237472534
0.017540693283081055,0.38909363746643066
2.8559937477111816,-2.1440670490264893
0.7760369181632996,0.12124134600162506
2.6427762508392334,-2.1066832542419434
-2.6061317920684814,1.9974833726882935
0.5848571062088013,-0.12986384332180023
-2.1775171756744385,1.6935617923736572
0.05796840786933899,0.2728751301765442
0.23701931536197662,0.03807267174124718
-2.966082811355591,2.191894292831421
3.0268800258636475,-2.2621688842773438
1.0397799015045166,-0.3629848062992096
3.4191842079162598,-2.5182762145996094
0.5974676012992859,0.06712038069963455
-3.030319929122925,2.2523579597473145
-2.80145525932312,2.1220200061798096
-0.5924280285835266,0.7606633305549622
1.2192120552062988,-0.2918969392776489
-0.35984137654304504,0.5651432275772095
-1.0677982568740845,1.1499989032745361
-1.1456480026245117,1.2826664447784424
-1.4211236238479614,1.2745596170425415
-2.9555931091308594,2.1880390644073486
-2.81302809715271,2.143294334411621
0.5920425057411194,0.0056281015276908875
-2.2688329219818115,1.802912712097168
-0.19639986753463745,0.1515922099351883
1.4899026155471802,-0.3425743281841278
2.8881208896636963,-2.087393045425415
2.1839804649353027,-1.171575665473938
-2.543715000152588,1.9964255094528198
-0.02171054109930992,0.42487668991088867
-2.3213446140289307,1.851412296295166
-1.6979310512542725,1.3435852527618408
0.38400861620903015,-0.1710594892501831
-1.6416981220245361,1.419869303703308
-0.6416614055633545,0.5536174178123474
-2.0251407623291016,1.5882631540298462
2.491823673248291,-1.4681743383407593
-1.6830205917358398,1.4243308305740356
-1.4419442415237427,1.3509892225265503
-1.5804939270019531,1.2312196493148804
-2.608048677444458,1.9728479385375977
3.411742687225342,-2.6462149620056152
-2.102597951889038,1.6600360870361328
0.501244306564331,0.217889204621315
-2.814663887023926,2.15274715423584
-1.9181880950927734,1.341261863708496
-1.8673843145370483,1.4157742261886597
2.2607779502868652,-1.0726408958435059
1.0482754707336426,-0.6336120963096619
3.345001459121704,-2.5268871784210205
-2.2821006774902344,1.827530026435852
0.40706366300582886,-0.007694035768508911
-2.061001777648926,1.76357901096344
-0.8622126579284668,1.0779324769973755
-2.6892077922821045,2.0596559047698975
-0.7659651041030884,0.7494882345199585
3.4788177013397217,-2.6875689029693604
-0.485961377620697,0.6957677006721497
-1.3092427253723145,1.077619194984436
-2.5237319469451904,1.8829425573349
-2.996563196182251,2.1725575923919678
1.532731294631958,-0.6496466398239136
3.1036553382873535,-2.4109833240509033
-2.031497001647949,1.6986379623413086
-2.4746081829071045,2.038032293319702
-3.150157928466797,2.3230464458465576
-1.8589917421340942,1.5348656177520752
3.1047518253326416,-2.233670234680176
0.015555046498775482,0.2639372944831848
-1.5656321048736572,1.4764677286148071
2.954677104949951,-2.234511613845825
-1.0804764032363892,1.0580902099609375
1.4395482540130615,-0.5985240936279297
-0.7504638433456421,0.7464134693145752
-3.1577870845794678,2.301445245742798
2.377647638320923,-1.5754550695419312
-0.4753962755203247,0.7581639885902405
-2.9437756538391113,2.179697036743164
-0.1221638172864914,0.39496731758117676
0.6548932790756226,-0.03966211900115013
0.6077470183372498,-0.06312090158462524
-0.6465417146682739,0.6989418864250183
-2.790900230407715,2.133957862854004
-2.463890314102173,1.8927597999572754
-2.400794506072998,1.8337231874465942
-0.922274649143219,0.8996266722679138
-0.6798518300056458,0.8149177432060242
2.5260019302368164,-1.3946315050125122
-0.054202865809202194,0.4281671643257141
-0.2514968514442444,0.23118482530117035
-2.369266986846924,1.8186920881271362
-2.003140687942505,1.694607138633728
-2.751516580581665,2.1368331909179688
2.415942668914795,-1.3401240110397339
-1.8228636980056763,1.572129487991333
-1.1696351766586304,1.004654884338379
0.6935809254646301,-0.1144869476556778
3.18721342086792,-2.486720085144043
-1.1192597150802612,1.1652040481567383
-0.27467188239097595,0.4969902038574219
1.1387560367584229,-0.5673782825469971
-0.44278988242149353,0.5986239314079285
-2.058980941772461,1.6389228105545044
-3.0876550674438477,2.2751455307006836
-2.0358104705810547,1.555494785308838
-1.7892762422561646,1.4756615161895752
-0.3215113580226898,0.5375396013259888
2.716888427734375,-1.957319736480713
2.800717353820801,-2.090970277786255
-1.0120224952697754,1.0587619543075562
-2.2723450660705566,1.7386213541030884
3.3796746730804443,-2.6240158081054688
-0.11757203191518784,0.4433268904685974
0.14615090191364288,0.2561963200569153
3.1348989009857178,-2.451334238052368
2.6584267616271973,-1.5234248638153076
0.21039403975009918,0.26837366819381714
3.5028536319732666,-2.632378339767456
-0.5233290195465088,0.628200113773346
3.4503588676452637,-2.5871639251708984
-1.2970668077468872,1.3010284900665283
1.2227030992507935,-0.6513814926147461
-2.7011542320251465,2.0955357551574707
2.353802442550659,-1.303946614265442
3.3099520206451416,-2.539907455444336
-0.9599848389625549,0.8528501391410828
-1.2153366804122925,1.1976172924041748
3.347144842147827,-2.4234726428985596
1.1939451694488525,-0.4292912185192108
3.552055597305298,-2.7250661849975586
-2.1924021244049072,1.8158131837844849
-0.883600652217865,1.0514883995056152
-1.8134527206420898,1.5285404920578003
2.9220428466796875,-2.2254316806793213
-2.7895524501800537,2.111675262451172
0.7519602179527283,-0.44818031787872314
3.5229737758636475,-2.648634672164917
1.7128878831863403,-0.7595806121826172
3.498077869415283,-2.5948760509490967
-2.209070920944214,1.8107876777648926
-0.2036174088716507,0.46759647130966187
1.3207167387008667,-0.5637503862380981
2.275620460510254,-1.2855790853500366
-1.1961811780929565,1.0757286548614502
-1.0827897787094116,1.1857556104660034
-1.2556082010269165,1.0257588624954224
3.5380399227142334,-2.676482915878296
-1.2713388204574585,1.1037088632583618
-2.453838586807251,1.7741576433181763
3.1453616619110107,-2.3559300899505615
-0.29178932309150696,0.31929734349250793
-1.3072221279144287,1.2630105018615723
0.17420803010463715,0.13738448917865753
-2.2154831886291504,1.7618876695632935
0.42049112915992737,-0.1422034502029419
-1.1681101322174072,0.8703650832176208
3.1086478233337402,-2.197556495666504
-1.7663400173187256,1.6142339706420898
1.284165620803833,-0.39747506380081177
3.1898910999298096,-2.385995388031006
-0.6532673239707947,0.9614354372024536
-2.804783344268799,2.0718507766723633
-0.04340917617082596,0.008054196834564209
1.484108805656433,-0.8999173641204834
2.92435622215271,-2.1924145221710205
3.458609104156494,-2.631702423095703
-0.9807859659194946,0.9953466057777405
1.0878812074661255,-0.4036897122859955
2.665438413619995,-1.5508795976638794
1.7294961214065552,-1.0274890661239624
1.068983793258667,-0.386834979057312
3.4418258666992188,-2.671236038208008
-2.58180832862854,1.9367746114730835
3.0405001640319824,-2.1412887573242188
-0.5172746777534485,0.7724567651748657
-3.128143548965454,2.2871758937835693
2.8005177974700928,-2.1745057106018066
-2.0659971237182617,1.7407829761505127
-1.1673016548156738,0.9613263607025146
-0.08889628201723099,0.25450050830841064
-2.9669156074523926,2.2929627895355225
3.4253287315368652,-2.582437515258789
-1.1661717891693115,1.1918199062347412
3.4289674758911133,-2.587503433227539
1.2554250955581665,-0.3539610505104065
-2.0324063301086426,1.6818701028823853
-0.5415804982185364,0.730071485042572
-2.245845079421997,1.7305564880371094
3.376567840576172,-2.605548143386841
-1.773064136505127,1.4074549674987793
-1.712329387664795,1.5140856504440308
0.35823366045951843,-0.16895385086536407
-1.6811708211898804,1.3874199390411377
-0.5478584170341492,0.7708939909934998
3.422128200531006,-2.4687469005584717
3.372436285018921,-2.6108102798461914
-1.1620768308639526,1.0370949506759644
-1.7732957601547241,1.4326727390289307
0.02704908326268196,0.46065855026245117
-0.34402012825012207,0.6200767159461975
-1.670111894607544,1.4711291790008545
3.3728373050689697,-2.5184195041656494
2.2015795707702637,-1.2397195100784302
-0.939751923084259,1.0890079736709595
-1.2385390996932983,1.2566730976104736
3.4325692653656006,-2.4826674461364746
-2.124533176422119,1.706851840019226
-1.9913041591644287,1.706784725189209
-1.2705421447753906,1.2257972955703735
-1.8134527206420898,1.5285404920578003
-0.4646170437335968,0.5328652262687683
-0.7905371189117432,0.9736030697822571
2.0091774463653564,-0.936871349811554
-0.14200052618980408,0.5244221687316895
3.0946788787841797,-2.2779581546783447
-1.7711596488952637,1.4240049123764038
1.888120412826538,-1.0681720972061157
1.598387360572815,-0.6146895289421082
1.501165747642517,-0.6011903285980225
-0.3628382980823517,0.5604631304740906
3.265077590942383,-2.329622507095337
-2.5604214668273926,1.8647944927215576
-0.6944108605384827,0.9213957786560059
2.7922134399414062,-1.9976948499679565
-2.1945888996124268,1.7749015092849731
1.8337966203689575,-0.7226942777633667
-1.5860377550125122,1.4311174154281616
-0.3783864676952362,0.6485938429832458
-1.2930948734283447,1.2593001127243042
-2.437100410461426,1.9629288911819458
-1.4136775732040405,1.2310668230056763
-0.5564404129981995,0.8060507774353027
-3.038234233856201,2.2163147926330566
-2.244777202606201,1.7768099308013916
-0.2726592719554901,0.7111377120018005
-3.0049004554748535,2.224353790283203
-2.543715000152588,1.9964255094528198
-1.4577959775924683,1.342284083366394
1.6061514616012573,-0.7574833035469055
-2.0910985469818115,1.707835078239441
-0.1863466501235962,0.481374591588974
-0.24921420216560364,0.5531227588653564
-0.06824667006731033,0.3617123067378998
2.9796142578125,-2.2479043006896973
3.3177943229675293,-2.53320050239563
1.0597877502441406,-0.5006481409072876
2.105750322341919,-1.3283599615097046
1.1935930252075195,-0.4555426836013794
-1.1698061227798462,0.9608789086341858
3.107252597808838,-2.382322311401367
-2.279757499694824,1.8134169578552246
3.3497254848480225,-2.4597339630126953
3.502614736557007,-2.674095630645752
-0.9790427088737488,1.1139613389968872
-1.3345036506652832,1.2768934965133667
-3.0403568744659424,2.2245383262634277
-2.449446201324463,1.9267754554748535
-0.6022610664367676,0.8002239465713501
-1.250558614730835,1.2367926836013794
-2.175522804260254,1.7673004865646362
-2.0481863021850586,1.797912359237671
3.028765916824341,-1.9001874923706055
2.9241788387298584,-1.7552272081375122
2.8034427165985107,-2.005171298980713
-2.607642412185669,1.8807134628295898
-2.6287035942077637,1.973910927772522
3.279848098754883,-2.529658794403076
0.0741162970662117,0.14968693256378174
2.3618998527526855,-1.204973816871643
-2.0002543926239014,1.5830671787261963
3.179321765899658,-2.14011287689209
-0.012313410639762878,0.30622708797454834
-2.7826693058013916,2.165667772293091
3.457169771194458,-2.6443469524383545
-3.2322146892547607,2.3216981887817383
3.3725717067718506,-2.533702850341797
3.4019412994384766,-2.4546475410461426
-0.9942817091941833,0.6641005277633667
-0.4645867943763733,0.5990581512451172
2.3706443309783936,-1.236311435699463
-2.438365936279297,1.898727536201477
0.681847870349884,0.13742293417453766
0.008456962183117867,0.5157111287117004
-3.2002110481262207,2.3329126834869385
-0.40928009152412415,0.5306061506271362
-1.5294920206069946,1.281287431716919
3.1046059131622314,-2.1625239849090576
3.3669981956481934,-2.5816779136657715
0.5942428112030029,-0.25950106978416443
-1.5492061376571655,1.4315844774246216
3.0682687759399414,-2.332271099090576
-2.997392416000366,2.237149238586426
-1.1850414276123047,1.1964994668960571
-2.0733203887939453,1.7087266445159912
0.47102493047714233,0.1616954505443573
3.2412567138671875,-2.523223876953125
-2.176337957382202,1.6674234867095947
0.5600267052650452,-0.08859535306692123
-1.3951919078826904,1.29635751247406
3.3701748847961426,-2.270226240158081
1.2401341199874878,-0.31956636905670166
-2.0023117065429688,1.6364099979400635
-1.8957983255386353,1.414744257926941
-1.102168321609497,1.0663141012191772
-2.0772533416748047,1.677090048789978
0.9978764653205872,-0.5107408165931702
3.381138563156128,-2.548837900161743
-1.8000614643096924,1.5936167240142822
-1.8606797456741333,1.497133731842041
2.8530704975128174,-2.068786382675171
3.0917768478393555,-2.3704841136932373
-2.277132272720337,1.8328640460968018
-1.0724226236343384,1.198015570640564
-0.6672418713569641,0.7633540034294128
-2.0076406002044678,1.6969987154006958
-3.2390053272247314,2.3060505390167236
-2.2682178020477295,1.5936708450317383
-3.1167678833007812,2.2818856239318848
0.805237352848053,-0.24808000028133392
3.554452896118164,-2.6722497940063477
3.499537706375122,-2.6824820041656494
-1.237239122390747,1.1604528427124023
3.4704251289367676,-2.671125650405884
-2.399214029312134,1.9541031122207642
1.1853338479995728,-0.3479553461074829
3.1401617527008057,-2.4288344383239746
-2.0267422199249268,1.7301613092422485
-1.5023740530014038,1.410722255706787
3.349386692047119,-2.401615858078003
-3.0532262325286865,2.2371985912323
-2.859997272491455,2.180276393890381
-2.2682178020477295,1.5936708450317383
-0.866644561290741,1.0246400833129883
-2.656531572341919,2.054523468017578
-1.6732696294784546,1.5276702642440796
-2.427637815475464,1.968491792678833
-0.1328384131193161,0.16502264142036438
-2.4621222019195557,1.979244589805603
3.488333225250244,-2.667644500732422
-0.6953008770942688,0.9444433450698853
2.5522937774658203,-1.8244229555130005
-1.4180312156677246,1.3845252990722656
3.5465199947357178,-2.643913745880127
3.130054235458374,-2.1459150314331055
-0.07055071741342545,0.17949862778186798
-2.9203262329101562,2.1846659183502197
0.534385085105896,-0.07454302906990051
-1.7510063648223877,1.4735336303710938
-2.433366060256958,1.8391135931015015
3.5006892681121826,-2.6636409759521484
3.261162042617798,-2.3795111179351807
2.037487745285034,-1.2477482557296753
3.2729055881500244,-2.531907796859741
-2.9881656169891357,2.1050829887390137
-2.054159641265869,1.7161026000976562
-1.0479235649108887,1.144199013710022
-2.861201763153076,2.156322717666626
-1.8165972232818604,1.528771162033081
-0.6143664717674255,0.698581874370575
-1.4659833908081055,1.401185393333435
-0.8010401725769043,1.0747543573379517
0.049107663333415985,-0.018678445369005203
-1.6382085084915161,1.369234561920166
2.9507482051849365,-2.2527098655700684
2.932217597961426,-2.233841896057129
-2.029474973678589,1.7097212076187134
3.4970908164978027,-2.6850814819335938
0.9803488254547119,-0.34681907296180725
-1.7966694831848145,1.3879410028457642
-1.8173609972000122,1.585015058517456
-0.3076438903808594,0.7695261836051941
2.222390651702881,-1.2088934183120728
0.585170328617096,-0.22011591494083405
2.52955961227417,-1.509737491607666
-0.47956737875938416,0.646041214466095
-1.2810592651367188,1.2417230606079102
-3.1360106468200684,2.2938292026519775
2.9808080196380615,-1.7722505331039429
0.5303941965103149,0.024593191221356392
1.7683664560317993,-0.7093705534934998
3.4789321422576904,-2.6782174110412598
-0.3841731548309326,0.6767704486846924
3.2114648818969727,-2.481722593307495
-2.7533936500549316,2.08221173286438
-2.5549156665802,2.0100507736206055
-2.789457082748413,2.1427087783813477
-2.170807361602783,1.6390810012817383
-1.5110654830932617,1.2575961351394653
0.9604079127311707,-0.14274802803993225
-2.792353868484497,2.13509464263916
3.0525693893432617,-2.0028772354125977
0.21722041070461273,0.19232597947120667
2.668991804122925,-1.8609745502471924
2.951551675796509,-2.04402232170105
2.542776346206665,-1.6541911363601685
2.0718207359313965,-1.0670948028564453
-0.1889304518699646,0.45934489369392395
2.602304220199585,-1.574439525604248
-2.3738739490509033,1.8525387048721313
3.4077908992767334,-2.586827039718628
1.24444580078125,-0.5292971134185791
-2.694774866104126,2.037853479385376
2.0851423740386963,-1.3137158155441284
-2.0730926990509033,1.6680638790130615
-0.7888894081115723,0.8261340260505676
3.4599461555480957,-2.559182643890381
-1.581739068031311,1.2546988725662231
0.7795016765594482,-0.3255655765533447
-2.7231733798980713,2.174379587173462
-2.70615553855896,2.0558037757873535
3.538728952407837,-2.6569671630859375
-0.5582866668701172,0.7735815644264221
3.4224936962127686,-2.4362990856170654
0.7298368811607361,-0.1712912917137146
3.5083584785461426,-2.634277105331421
2.9448840618133545,-2.1145737171173096
-1.3780796527862549,1.2426174879074097
-2.67378306388855,2.099527597427368
0.9676246047019958,-0.13520900905132294
-1.0693353414535522,1.115577220916748
-0.3544483184814453,0.46676236391067505
-2.12768816947937,1.8301794528961182
-1.2084189653396606,1.1096845865249634
-2.6772491931915283,2.005356788635254
1.4677993059158325,-0.7027737498283386
-2.8426010608673096,1.9804776906967163
-3.237135171890259,2.350627899169922
-2.849799633026123,2.0727732181549072
0.033375442028045654,0.3915012776851654
2.3213236331939697,-1.2877413034439087
0.9918553233146667,-0.16543608903884888
-1.5951852798461914,1.2659622430801392
-2.0985448360443115,1.7628008127212524
1.8366256952285767,-0.8817647695541382
-3.152484893798828,2.3080804347991943
-1.8345234394073486,1.5047895908355713
3.1516339778900146,-2.3037056922912598
-0.987297773361206,1.0236138105392456
2.8240034580230713,-1.9513168334960938
-0.8008142113685608,0.9922928214073181
-1.9553663730621338,1.6306657791137695
3.448683977127075,-2.6802027225494385
-1.724329948425293,1.4875608682632446
0.2910805344581604,0.2454182654619217
-0.638611912727356,0.8586933612823486
1.870628833770752,-0.9641348123550415
2.840477466583252,-1.8523694276809692
3.0171775817871094,-1.9090534448623657
3.1430838108062744,-1.9950313568115234
-2.1600685119628906,1.7719917297363281
-1.319105625152588,1.295247197151184
0.04215077683329582,0.39276760816574097
2.7718119621276855,-1.8823665380477905
-2.33162784576416,1.7073944807052612
-1.9328347444534302,1.5535176992416382
-3.183668851852417,2.3145132064819336
-2.5085504055023193,1.9583063125610352
-2.024615526199341,1.6412163972854614
-2.0023117065429688,1.6364099979400635
-2.2838306427001953,1.8615411520004272
0.37303057312965393,-0.09783123433589935
2.31011700630188,-1.194845199584961
-2.241335391998291,1.8071998357772827
0.27499306201934814,0.25783151388168335
-2.8672778606414795,2.1606483459472656
0.5415646433830261,-0.040822334587574005
-1.257948875427246,1.2906187772750854
-0.07876420021057129,0.46694427728652954
0.34447556734085083,-0.05731916055083275
1.728585124015808,-0.6383859515190125
-0.5627520680427551,0.7510868906974792
0.5962169766426086,-0.009690050035715103
-0.9679403901100159,0.9758473634719849
-0.03665032982826233,0.3584257662296295
-2.3144664764404297,1.790013313293457
-2.2957675457000732,1.7613272666931152
-3.2266268730163574,2.2895448207855225
3.513152837753296,-2.6510746479034424
-1.3404749631881714,1.3348701000213623
-0.9914873242378235,1.051104187965393
1.4309780597686768,-0.8058566451072693
2.389461040496826,-1.3710741996765137
-0.3427374064922333,0.6993854641914368
-2.5120060443878174,1.964023470878601
0.6148744225502014,0.00786784291267395
-2.211235761642456,1.691589117050171
-2.9835307598114014,2.1705868244171143
-2.897932767868042,2.181783437728882
-3.30259370803833,2.3601579666137695
-0.6241437196731567,0.7730790376663208
3.498108386993408,-2.4042258262634277
-0.10274789482355118,0.3838227689266205
-0.36837658286094666,0.7465341091156006
-0.2722052037715912,0.49800604581832886
3.482743501663208,-2.527677059173584
0.4322124421596527,-0.030899718403816223
1.1995450258255005,-0.5606685280799866
-0.32494664192199707,0.33910030126571655
-2.478583574295044,1.8006178140640259
-0.06920484453439713,0.211587056517601
3.40729022026062,-2.6225082874298096
-1.5730013847351074,1.4326235055923462
-1.129548192024231,0.9607329964637756
-0.43747037649154663,0.6150352954864502
0.31505900621414185,0.18623563647270203
3.4819700717926025,-2.667487621307373
0.43566519021987915,0.07527613639831543
3.4122846126556396,-2.618567943572998
3.4189977645874023,-2.5333657264709473
-1.212882399559021,1.0544331073760986
-1.6845916509628296,1.5297125577926636
-1.4393831491470337,1.191776990890503
-1.6502608060836792,1.503124475479126
2.00042724609375,-1.0296639204025269
-0.40470370650291443,0.4735497534275055
1.0847396850585938,-0.4458776116371155
-1.2065761089324951,1.2179545164108276
-0.2612958550453186,0.5027981996536255
3.189326763153076,-2.4500420093536377
1.6507161855697632,-0.6238426566123962
-2.686706066131592,2.072213888168335
0.08471773564815521,0.0772315263748169
-0.2819485068321228,0.6725249886512756
-3.225438356399536,2.326918125152588
-1.2861729860305786,1.1536462306976318
-0.7219995260238647,0.8153275847434998
3.241429090499878,-2.466280460357666
-0.00748782604932785,0.3110331892967224
-2.5688908100128174,1.8653929233551025
2.003352165222168,-1.0935252904891968
-1.4301429986953735,1.375835657119751
-0.8395521640777588,0.7611624002456665
-2.760622262954712,2.1078362464904785
3.5625665187835693,-2.5625550746917725
-1.9444330930709839,1.5172350406646729
2.552496910095215,-1.9981862306594849
-2.7678110599517822,2.097918748855591
3.2425177097320557,-2.3911471366882324
-0.5812665224075317,0.7035630345344543
0.41763269901275635,-0.027038298547267914
3.5725300312042236,-2.6902050971984863
-1.9021718502044678,1.544796109199524
-2.885960102081299,2.028886079788208
2.194063425064087,-1.4646583795547485
0.7614099383354187,-0.33992916345596313
-0.7921479940414429,0.9551675319671631
-1.2848609685897827,1.1668599843978882
2.273162364959717,-1.100691795349121
-1.629975438117981,1.393993616104126
3.2471840381622314,-2.439865827560425
3.1546852588653564,-2.169999361038208
-0.6662901043891907,0.5357179045677185
1.404381275177002,-0.8878928422927856
3.33518385887146,-2.575324535369873
-0.9602096080780029,1.1417070627212524
3.470867872238159,-2.6233327388763428
-2.1524410247802734,1.8201520442962646
-2.6087663173675537,2.0187747478485107
-1.2071322202682495,1.0136146545410156
1.979225993156433,-1.1016167402267456
-1.4427732229232788,1.340529441833496
-0.9608563184738159,0.9825036525726318
0.9637776613235474,-0.4359406530857086
3.559800148010254,-2.5863518714904785
-0.9216513633728027,0.8770268559455872
2.2135045528411865,-1.4123762845993042
-1.0738214254379272,1.0339579582214355
2.543667793273926,-1.8747111558914185
0.24447789788246155,0.035953398793935776
1.375983715057373,-0.7144549489021301
0.8086684346199036,-0.21295830607414246
0.3684539198875427,0.24131686985492706
-2.568723201751709,1.9667108058929443
1.4373756647109985,-0.8165154457092285
-0.689440131187439,0.9405655264854431
2.8347744941711426,-1.6488022804260254
-3.0158631801605225,2.221195936203003
-1.2097327709197998,1.135174036026001
0.6413893103599548,-0.11628398299217224
-1.084359049797058,0.9622073769569397
-1.388257384300232,1.0143619775772095
0.7382245659828186,-0.17940106987953186
1.9674891233444214,-1.2105505466461182
-2.0359203815460205,1.6858274936676025
1.56688392162323,-0.6003979444503784
-0.89405757188797,0.94186931848526
1.1994268894195557,-0.7330900430679321
-0.33529043197631836,0.5586221218109131
-2.4863712787628174,1.8945730924606323
-0.6091277003288269,0.6636411547660828
0.5977307558059692,-0.04394947737455368
2.0665531158447266,-1.1717572212219238
-2.99760365486145,2.253953695297241
0.43617871403694153,0.0956679955124855
-2.6121723651885986,1.9107357263565063
0.823952853679657,-0.055898960679769516
-1.1963576078414917,1.1527518033981323
-2.039267063140869,1.4155410528182983
-2.3142507076263428,1.747361183166504
1.603030800819397,-0.7644762396812439
1.7081328630447388,-0.8117376565933228
-2.8461427688598633,2.1499335765838623
-0.4632471203804016,0.56845623254776
-0.912361204624176,1.0043621063232422
-1.3415093421936035,1.3474018573760986
-0.29147469997406006,0.26423805952072144
2.176778793334961,-1.447999358177185
-0.7495235204696655,0.799255907535553
3.0533297061920166,-2.3294217586517334
-1.2707196474075317,1.183850884437561
1.404381275177002,-0.8878928422927856
2.400285243988037,-1.5854920148849487
2.8226029872894287,-1.8001434803009033
-2.167301893234253,1.771941900253296
2.431661605834961,-1.5788242816925049
3.441330671310425,-2.6229116916656494
2.5333406925201416,-1.725790023803711
0.28457164764404297,0.18841832876205444
-0.2909737825393677,0.6626797914505005
-0.36207693815231323,0.6158783435821533
-0.29869091510772705,0.398034006357193
-2.682342529296875,1.9689680337905884
0.02224632352590561,0.4553010165691376
-0.8917977809906006,0.946282148361206
2.47979736328125,-1.46250581741333
0.5513625741004944,0.005967095494270325
-3.184035539627075,2.314985513687134
0.17175914347171783,0.28636032342910767
3.365159749984741,-2.5810441970825195
-2.8027894496917725,2.14841890335083
-3.137068510055542,2.294682264328003
-1.011042833328247,1.000826358795166
1.8296630382537842,-1.0184327363967896
-1.3226829767227173,1.2235552072525024
-2.035264015197754,1.6247540712356567
-0.29766637086868286,0.5381641387939453
3.487090826034546,-2.6635076999664307
3.5180015563964844,-2.615919589996338
-1.7180827856063843,1.4606950283050537
-1.4622076749801636,1.354306936264038
2.589566469192505,-2.0345470905303955
-3.2002110481262207,2.3329126834869385
-1.782172441482544,1.4215097427368164
0.0695938766002655,0.24012534320354462
-0.7547330260276794,0.8932649493217468
2.6109912395477295,-1.5315078496932983
0.21344467997550964,0.17245948314666748
-0.287524551153183,0.7123108506202698
-2.0910379886627197,1.701380729675293
-1.80642569065094,1.4103021621704102
-0.5302205681800842,0.7100416421890259
-1.7779124975204468,1.4730198383331299
2.981231212615967,-2.147087574005127
2.8767173290252686,-1.985465168952942
-1.9821873903274536,1.59637451171875
0.48621663451194763,0.08990699052810669
2.667755365371704,-1.8258191347122192
-1.6115084886550903,1.5919570922851562
3.306342601776123,-2.2880661487579346
-1.3791799545288086,1.1940150260925293
-2.2154831886291504,1.7618876695632935
-2.410767078399658,1.8380757570266724
-2.001020908355713,1.648196816444397
0.2360440492630005,0.3164915144443512
2.916727066040039,-2.3223490715026855
-2.0501253604888916,1.3956087827682495
1.4475115537643433,-0.4835011065006256
-0.2852618992328644,0.6548579335212708
3.302938461303711,-2.596290111541748
0.851040780544281,-0.49497997760772705
-2.6880369186401367,1.9960119724273682
3.515366315841675,-2.6882998943328857
3.318647623062134,-2.402209520339966
-0.8858650922775269,1.0192917585372925
-2.5199027061462402,1.9103543758392334
-0.28696930408477783,0.7450504899024963
-0.5650021433830261,0.8801760077476501
-2.2323460578918457,1.7361414432525635
3.4814565181732178,-2.5974063873291016
3.3887228965759277,-2.6453123092651367
2.67195463180542,-1.7618138790130615
3.1893351078033447,-2.4414925575256348
-2.5076680183410645,1.9442775249481201
-0.3495877683162689,0.5043601989746094
-0.44561758637428284,0.6600265502929688
-0.18148641288280487,0.3418132960796356
3.5086236000061035,-2.6841847896575928
3.2834787368774414,-2.383998394012451
-2.625997543334961,1.9826375246047974
-2.863604784011841,2.1156678199768066
-2.885960102081299,2.028886079788208
-0.1319139450788498,0.353739470243454
-2.4287891387939453,1.9474436044692993
-2.32968807220459,1.8398466110229492
3.193465232849121,-2.2317047119140625
3.411633014678955,-2.6376829147338867
2.280592918395996,-1.2958041429519653
3.462303400039673,-2.6477978229522705
-0.7027763724327087,0.9969954490661621
3.0039162635803223,-2.1113991737365723
2.857198476791382,-1.813617467880249
-1.5091477632522583,1.4323067665100098
-0.3058575391769409,0.6505833268165588
3.501843214035034,-2.668774127960205
0.17064476013183594,0.17528533935546875
-2.4621222019195557,1.979244589805603
-1.3095170259475708,1.0801483392715454
-1.3298875093460083,1.1302160024642944
-1.4232889413833618,1.348083257675171
-1.670111894607544,1.4711291790008545
0.06338122487068176,0.3823619484901428
-1.2908306121826172,1.085892915725708
0.32835501432418823,0.13995271921157837
2.2015795707702637,-1.2397195100784302
3.565486431121826,-2.6608901023864746
3.246950149536133,-2.2057881355285645
-2.9699366092681885,2.157135009765625
0.2745073437690735,0.3265582323074341
-1.993277907371521,1.6189258098602295
3.2505221366882324,-2.551947832107544
-1.396186113357544,1.2266610860824585
2.99910569190979,-2.278568744659424
0.8871340155601501,-0.3221742510795593
2.2018070220947266,-1.3931330442428589
2.491450786590576,-1.5178937911987305
-3.0406360626220703,2.2337381839752197
0.5581923723220825,-0.1002059131860733
3.1016194820404053,-2.3079373836517334
-2.65264630317688,2.0017764568328857
-0.5938721299171448,0.8595777153968811
-2.1129367351531982,1.6154417991638184
1.296976089477539,-0.5326527953147888
-1.3642691373825073,1.1992948055267334
-0.376541405916214,0.6435124278068542
0.08855459839105606,0.31787705421447754
1.296976089477539,-0.5326527953147888
2.394136667251587,-1.3524137735366821
-1.3130192756652832,1.3246228694915771
2.788919448852539,-1.8172080516815186
0.6434112191200256,-0.07200716435909271
-1.8195841312408447,1.486214518547058
3.477297306060791,-2.674553871154785
0.4903031587600708,-0.02877073362469673
-3.1760926246643066,2.3571205139160156
-0.3218666911125183,0.652169942855835
-1.8345234394073486,1.5047895908355713
0.9145572781562805,-0.2841297686100006
-1.3258883953094482,1.174095869064331
-2.1112911701202393,1.6389122009277344
-2.0880746841430664,1.6038986444473267
-2.228367328643799,1.673791527748108
0.48512932658195496,-0.0194837749004364
1.3288853168487549,-0.5036041736602783
-2.4336769580841064,1.8738957643508911
1.9838757514953613,-1.0438272953033447
3.464587450027466,-2.6662437915802
1.2635043859481812,-0.3953697085380554
3.4756288528442383,-2.5884158611297607
0.9172800183296204,-0.247703418135643
0.24242454767227173,0.03401520475745201
-3.1476686000823975,2.2552127838134766
-0.9206120371818542,1.1163921356201172
2.8136985301971436,-2.203045129776001
-0.15159744024276733,0.41649457812309265
-0.28256797790527344,0.4060992896556854
-2.3224117755889893,1.76602041721344
-3.083629608154297,2.328704357147217
-1.3307852745056152,1.224758267402649
2.9701342582702637,-1.899340033531189
-2.694774866104126,2.037853479385376
-0.9829450845718384,0.8968218564987183
0.5796056389808655,-0.10813582688570023
2.544766426086426,-1.53268301486969
-2.1231982707977295,1.6363303661346436
0.8738175630569458,-0.12533219158649445
-1.8945417404174805,1.5044662952423096
0.5693478584289551,0.07902003824710846
3.3251616954803467,-2.3646159172058105
2.2507054805755615,-1.5770069360733032
-1.4255279302597046,1.263549566268921
-3.1341254711151123,2.3197317123413086
-1.39151930809021,1.3114675283432007
-1.794899582862854,1.520171046257019
3.5287973880767822,-2.5875232219696045
2.040820360183716,-1.0766927003860474
-2.2981929779052734,1.8206509351730347
-0.6839780211448669,0.8665295243263245
-0.4782148003578186,0.5456236004829407
-2.78849196434021,2.105588674545288
-1.9367516040802002,1.4979625940322876
-2.4892024993896484,1.9683505296707153
3.513017416000366,-2.644698143005371
3.308135747909546,-2.1128013134002686
-1.850090503692627,1.6474641561508179
2.185826301574707,-1.2009812593460083
2.9993484020233154,-2.286332845687866
3.478606700897217,-2.668076515197754
1.2546700239181519,-0.33433985710144043
-0.32327622175216675,0.5536144971847534
2.211448907852173,-1.1591063737869263
1.6226954460144043,-0.6721940636634827
1.4309780597686768,-0.8058566451072693
1.1024982929229736,-0.6169611215591431
-1.4351357221603394,1.2616170644760132
1.1890662908554077,-0.40299296379089355
0.2896654009819031,0.16511593759059906
-1.2615747451782227,1.33291757106781
-2.7211103439331055,1.896183729171753
-0.6988688111305237,0.9518998861312866
-0.9591064453125,1.0380315780639648
-1.7004683017730713,1.4976528882980347
0.7813580632209778,-0.10819454491138458
2.5885989665985107,-1.874513864517212
-1.8324918746948242,1.5753964185714722
0.10430091619491577,0.021078526973724365
-0.8675445914268494,0.8733059763908386
-0.3799844980239868,0.7261605858802795
-0.9033620953559875,0.7729169726371765
-2.0475127696990967,1.6890342235565186
-2.1471335887908936,1.6996312141418457
1.1439008712768555,-0.44883835315704346
3.196265935897827,-2.4963412284851074
3.153326988220215,-2.3732717037200928
-1.4879395961761475,1.3071458339691162
0.08249373733997345,0.17925480008125305
-1.8764593601226807,1.584716558456421
-0.9395188689231873,0.7053890824317932
-1.5409806966781616,1.2970190048217773
-1.4434479475021362,1.257793664932251
-2.0497887134552,1.7114800214767456
-2.108717441558838,1.5855377912521362
1.747808814048767,-0.8468741178512573
3.121083974838257,-1.86927330493927
0.12547758221626282,0.20072013139724731
-0.037762388586997986,0.1640918254852295
-2.035264015197754,1.6247540712356567
-1.7743420600891113,1.5279171466827393
3.567383050918579,-2.67976975440979
-2.281224012374878,1.8083348274230957
-0.7751650810241699,0.9311428070068359
-2.0985448360443115,1.7628008127212524
-3.038234233856201,2.2163147926330566
-2.001020908355713,1.648196816444397
-1.9164308309555054,1.4632022380828857
3.396385908126831,-2.5632846355438232
3.3134686946868896,-2.5661232471466064
3.3380556106567383,-2.5854413509368896
0.046430617570877075,0.2806917428970337
-1.3063147068023682,1.3332228660583496
-0.4335598349571228,0.5501940846443176
-3.2338178157806396,2.3433525562286377
1.284165620803833,-0.39747506380081177
-2.5963995456695557,1.9406917095184326
3.118654489517212,-1.9843851327896118
3.0953993797302246,-2.2851812839508057
-1.2367280721664429,1.1496243476867676
0.7401347756385803,-0.14340253174304962
-1.1139039993286133,1.1064802408218384
-2.724132776260376,2.0578346252441406
-1.8156993389129639,1.4323666095733643
-0.717781126499176,0.8413771390914917
-2.254599094390869,1.7516608238220215
-1.0818533897399902,1.0260623693466187
1.082611322402954,-0.2474404275417328
2.2291648387908936,-1.2611182928085327
-1.32850182056427,1.2807939052581787
-2.0066630840301514,1.7005479335784912
-1.9018486738204956,1.6752183437347412
-1.4659833908081055,1.401185393333435
-2.659898519515991,2.073911190032959
2.771474599838257,-1.7384620904922485
-2.6587483882904053,2.022556781768799
3.036078929901123,-2.341310739517212
-0.8347458243370056,0.8301210999488831
1.3238446712493896,-0.513316810131073
-2.1314754486083984,1.7057403326034546
0.2702057957649231,-0.09697248786687851
-0.8890926837921143,0.843536376953125
-3.043975830078125,2.2320258617401123
-0.3916321098804474,0.7283279895782471
2.1504335403442383,-0.9668761491775513
-2.0186989307403564,1.5435739755630493
3.0527122020721436,-2.214141845703125
-1.9729228019714355,1.6976416110992432
-1.234129548072815,1.2837588787078857
-1.218152642250061,1.2158198356628418
-2.9292681217193604,2.148789644241333
0.3589671850204468,-0.10258866101503372
0.8249392509460449,-0.1825406551361084
1.516508936882019,-0.7029371857643127
3.2799627780914307,-2.45414662361145
2.4942986965179443,-1.4782794713974
-3.07017183303833,2.2453956604003906
-0.42414790391921997,0.6689400672912598
-1.788779616355896,1.5965440273284912
-2.4007468223571777,1.9071589708328247
0.3303663730621338,-0.17214025557041168
-0.609029233455658,0.7634915113449097
-0.32361093163490295,0.6029518246650696
-2.125243663787842,1.7503148317337036
0.21658527851104736,0.3068251609802246
-0.7941056489944458,0.8978698253631592
3.354971170425415,-2.5860161781311035
-2.1985044479370117,1.702163577079773
1.4954564571380615,-0.6946507096290588
-0.20126445591449738,0.5592332482337952
-1.8907296657562256,1.59799325466156
-2.3313164710998535,1.8471593856811523
0.7088549733161926,-0.5045215487480164
-2.520535707473755,1.992032527923584
-2.4352869987487793,1.869491696357727
-2.0379819869995117,1.7391133308410645
0.4678269922733307,0.029024671763181686
-2.35532808303833,1.8794814348220825
3.360321044921875,-2.6137683391571045
1.6826786994934082,-0.8908486366271973
-3.011638641357422,2.250500202178955
-2.040872097015381,1.750556230545044
2.789259672164917,-1.8000425100326538
-3.2821364402770996,2.3699185848236084
-0.3099111318588257,0.5174574255943298
0.42983388900756836,-0.033792272210121155
-2.8468029499053955,2.103335380554199
1.8050787448883057,-0.7379409670829773
2.181691884994507,-1.1556942462921143
-1.7668060064315796,1.495105266571045
-2.6218600273132324,2.0460715293884277
1.9352924823760986,-0.9035812020301819
-0.6275416016578674,0.8096810579299927
-0.8675445914268494,0.8733059763908386
-0.9385567307472229,0.9673442244529724
1.5279592275619507,-0.6172747015953064
-0.9977064728736877,0.8131624460220337
-1.8728030920028687,1.5329632759094238
-1.5379828214645386,1.4777189493179321
-1.237817645072937,1.1459169387817383
2.6093266010284424,-1.8129920959472656
2.5217552185058594,-1.7044793367385864
2.559041976928711,-1.7282097339630127
0.9264752864837646,-0.004140064120292664
2.414421796798706,-1.4232792854309082
-0.3609606623649597,0.35767751932144165
-1.0793721675872803,0.9200617074966431
0.0581330880522728,0.4142407178878784
1.2375638484954834,-0.6840755939483643
-0.3903801441192627,0.6267226338386536
-0.5826652646064758,0.8971689939498901
-3.0336291790008545,2.207235336303711
1.8014787435531616,-0.7621612548828125
2.77032208442688,-1.985019564628601
-0.768679141998291,0.9006595611572266
2.614896774291992,-1.9343243837356567
3.2731988430023193,-2.4905617237091064
-0.7905371189117432,0.9736030697822571
-1.8246471881866455,1.5598291158676147
-1.912948489189148,1.455932378768921
-2.6027910709381104,1.990088939666748
-2.391519784927368,1.9785733222961426
3.183454990386963,-2.4966578483581543
-2.5101354122161865,1.9344666004180908
0.7795712351799011,-0.35341307520866394
3.4366872310638428,-2.6534087657928467
3.0780060291290283,-2.1492931842803955
0.6966380476951599,-0.12249842286109924
3.522974729537964,-2.6773104667663574
-3.175455331802368,2.308654546737671
-1.3163306713104248,1.1851682662963867
-1.66751229763031,1.3838974237442017
-1.1690834760665894,1.171297550201416
-2.732757329940796,2.0424444675445557
-1.0201679468154907,0.8457313179969788
-0.41720345616340637,0.6421753168106079
-2.9300589561462402,2.1717190742492676
-1.9593381881713867,1.6464778184890747
-1.836234450340271,1.504074215888977
1.6244993209838867,-0.7696837186813354
1.9368406534194946,-1.2478946447372437
3.2826313972473145,-2.4754509925842285
-2.2318525314331055,1.8750277757644653
-2.464181900024414,1.8835444450378418
-0.3556440472602844,0.5096312165260315
-2.5237319469451904,1.8829425573349
1.6601146459579468,-0.742042601108551
-0.8199073672294617,0.6624705195426941
-1.2959457635879517,1.059324026107788
1.3641084432601929,-0.7442846894264221
-0.9013466835021973,0.909899890422821
-0.6483724117279053,0.8760119676589966
-1.4541702270507812,1.4330617189407349
-0.13181114196777344,0.5001806616783142
-0.6071450114250183,0.7768396139144897
-1.2175524234771729,1.1671909093856812
3.4789352416992188,-2.656512975692749
-0.7695778608322144,0.9257032871246338
-2.518916606903076,1.8753901720046997
-2.9291417598724365,2.1790003776550293
-3.032653331756592,2.1913700103759766
-2.8579585552215576,2.146993637084961
2.878387689590454,-2.188311815261841
1.4889448881149292,-0.7117361426353455
3.4159021377563477,-2.639592170715332
-0.009690120816230774,0.18093028664588928
-3.303368330001831,2.4013991355895996
-1.4385039806365967,1.4249186515808105
-3.1556339263916016,2.3265767097473145
-1.2476158142089844,1.0967339277267456
0.7173378467559814,-0.36731359362602234
-3.3179287910461426,2.342186450958252
-2.6218600273132324,2.0460715293884277
3.0850987434387207,-2.28515625
-2.0438408851623535,1.6888548135757446
-1.2153578996658325,1.230445146560669
-3.156137704849243,2.334300994873047
2.9936726093292236,-2.1765968799591064
0.5614407062530518,-0.18783776462078094
3.5263524055480957,-2.6575844287872314
1.7602719068527222,-1.0026100873947144
3.634561777114868,-2.63264536857605
3.4438095092773438,-2.5433952808380127
1.2686245441436768,-0.45960742235183716
1.9132331609725952,-1.009873390197754
-1.3274929523468018,1.2296113967895508
-1.3581935167312622,1.0584768056869507
2.879868984222412,-1.9467045068740845
0.9902280569076538,-0.3865938186645508
1.1995450258255005,-0.5606685280799866
-2.2709171772003174,1.775639295578003
-2.385594606399536,1.745869517326355
-0.8134633302688599,0.9644573926925659
1.6959367990493774,-1.0121170282363892
-2.8403775691986084,2.203155279159546
-2.7697389125823975,1.971209168434143
-0.0027333649341017008,0.5201371312141418
2.8687045574188232,-2.138761520385742
-1.704185128211975,1.5419608354568481
0.7265468239784241,-0.11263732612133026
1.8656057119369507,-0.9069132208824158
0.5060759782791138,-0.060903869569301605
0.5284844636917114,0.06660175323486328
-2.954820156097412,2.160020351409912
-2.893906354904175,2.2159807682037354
-0.0692128837108612,0.29186779260635376
1.8026556968688965,-0.8615361452102661
-0.35984137654304504,0.5651432275772095
3.259420871734619,-2.434485912322998
-0.057901524007320404,0.40374982357025146
-2.4150869846343994,1.940644383430481
0.599509060382843,-0.18550211191177368
-1.8953814506530762,1.5046908855438232
3.321503162384033,-2.5731940269470215
1.5021300315856934,-0.6205307841300964
-0.4351123869419098,0.6727280616760254
-2.511936902999878,1.9047373533248901
-0.41928723454475403,0.656200647354126
1.9743841886520386,-1.1143059730529785
-1.149526834487915,1.1739777326583862
0.4856061637401581,0.047960273921489716
-2.3981688022613525,1.8926143646240234
0.4554362893104553,0.1643032431602478
-1.0502550601959229,1.0987000465393066
-2.12768816947937,1.8301794528961182
3.5441784858703613,-2.6944844722747803
0.33275043964385986,0.025858141481876373
3.148301601409912,-2.3279342651367188
-1.7486642599105835,1.3445855379104614
-0.48040249943733215,0.5560216903686523
0.4738008975982666,-0.16870173811912537
-3.0248305797576904,2.2664477825164795
-2.2295548915863037,1.8316760063171387
-2.978018045425415,2.2140533924102783
-1.7668060064315796,1.495105266571045
-0.7909233570098877,1.046323299407959
-2.924729108810425,2.2080259323120117
2.8362643718719482,-2.110041379928589
-1.8629966974258423,1.5721124410629272
-1.2071322202682495,1.0136146545410156
1.7620583772659302,-0.9782462120056152
0.7694488167762756,-0.04598196968436241
2.8222084045410156,-2.033114433288574
-1.5528886318206787,1.3817408084869385
0.40436917543411255,0.031801387667655945
-1.1192597150802612,1.1652040481567383
-2.601182222366333,1.9208300113677979
-0.39978891611099243,0.5932604670524597
2.4854416847229004,-1.4213734865188599
-2.400794506072998,1.8337231874465942
2.740034818649292,-1.8919157981872559
2.35874605178833,-1.5452113151550293
-0.458093523979187,0.5221690535545349
-0.9031881093978882,0.9941831231117249
-1.7780001163482666,1.6016337871551514
0.933623731136322,-0.30400729179382324
2.5937607288360596,-2.0416555404663086
-0.5349962115287781,0.4606049060821533
-0.9115232825279236,0.8857159614562988
-2.9111502170562744,2.225834608078003
-2.7604708671569824,2.0651373863220215
-1.9284967184066772,1.6428431272506714
2.2337772846221924,-1.2632554769515991
-3.102505922317505,2.2986624240875244
2.4739291667938232,-1.8467049598693848
2.0661473274230957,-1.0739530324935913
3.0511794090270996,-2.204009532928467
0.8184075951576233,-0.0956856906414032
-2.1119000911712646,1.7258177995681763
1.0515354871749878,-0.3522384762763977
-2.7235240936279297,2.0528581142425537
3.108914375305176,-2.400726318359375
3.31797456741333,-2.3829376697540283
-1.4162055253982544,1.1793243885040283
1.068983793258667,-0.386834979057312
2.7430810928344727,-2.035377264022827
1.1935930252075195,-0.4555426836013794
3.267594575881958,-2.371459722518921
-1.8720273971557617,1.6282790899276733
0.919179379940033,-0.14384213089942932
2.7263197898864746,-1.9616410732269287
-2.5925133228302,2.0252914428710938
-1.9009062051773071,1.5542354583740234
-1.244528889656067,0.973797619342804
2.838977813720703,-2.187988519668579
3.467898368835449,-2.6524670124053955
-0.0020140858832746744,0.2592560648918152
-2.2001423835754395,1.7222886085510254
-2.2981929779052734,1.8206509351730347
0.09456414729356766,0.4747258424758911
3.145460605621338,-2.1714909076690674
-1.8031196594238281,1.5058993101119995
-1.817264437675476,1.568638801574707
-0.8515270352363586,0.822422981262207
3.1623332500457764,-2.4248807430267334
0.28806960582733154,0.3295901119709015
2.829986572265625,-1.6693540811538696
-2.352038621902466,1.7602784633636475
-0.7818517088890076,0.9358629584312439
-0.12437226623296738,0.3704521059989929
0.32761627435684204,0.1377253234386444
-0.05853581801056862,0.4573884904384613
-1.2631018161773682,1.217530369758606
-2.178129196166992,1.7058264017105103
-0.9964889287948608,0.991208553314209
0.830480694770813,-0.27652478218078613
1.3729466199874878,-0.5037977695465088
-1.7855768203735352,1.5070401430130005
-0.7728024125099182,0.9027480483055115
-1.225695252418518,1.1133695840835571
2.662094831466675,-1.7175291776657104
-1.482011079788208,1.3630391359329224
0.9276695847511292,-0.11713390797376633
3.5503180027008057,-2.6796786785125732
2.332331418991089,-1.2148195505142212
-2.0318219661712646,1.692596673965454
-0.9778363108634949,1.0900975465774536
-2.5919225215911865,1.9449955224990845
-0.4927822947502136,0.7545257210731506
1.8610714673995972,-0.992911696434021
-1.3196730613708496,1.1371595859527588
-1.4427732229232788,1.340529441833496
-2.133002519607544,1.7398347854614258
3.4446487426757812,-2.4349308013916016
1.3102713823318481,-0.6417723298072815
0.6498066782951355,-0.32131510972976685
-2.6777939796447754,1.9393188953399658
-1.0326627492904663,0.9240972995758057
-0.6075842976570129,0.7681956887245178
-0.2202879935503006,0.7130373120307922
-0.8946536183357239,0.9364657402038574
-1.1954107284545898,1.2171926498413086
2.602304220199585,-1.574439525604248
1.426458716392517,-0.49636298418045044
-1.9959179162979126,1.5919467210769653
-1.9426318407058716,1.6243879795074463
-2.115720272064209,1.6372488737106323
-1.0869287252426147,1.2290605306625366
-0.5514545440673828,0.688860297203064
-3.2181880474090576,2.3360586166381836
2.8422679901123047,-1.6384153366088867
2.229731321334839,-1.3461400270462036
-1.763486623764038,1.5828876495361328
2.382779836654663,-1.48654043674469
-0.39028871059417725,0.4310849606990814
3.0633385181427,-2.2112536430358887
-1.7478924989700317,1.5330332517623901
-2.6391894817352295,1.9915982484817505
-2.083422899246216,1.718315601348877
0.5849498510360718,0.034562140703201294
-1.4301429986953735,1.375835657119751
1.9709962606430054,-1.2792316675186157
-1.3226829767227173,1.2235552072525024
-0.9881466031074524,0.7546160221099854
-2.108973741531372,1.662354826927185
3.0617988109588623,-2.350804328918457
-0.8768842816352844,0.8335022926330566
-0.295329749584198,0.12272246927022934
-0.866644561290741,1.0246400833129883
-1.3040354251861572,1.2542600631713867
3.4155385494232178,-2.3821656703948975
-2.5951030254364014,1.9885156154632568
-0.12723639607429504,0.1484088897705078
0.01188858225941658,0.42620742321014404
-2.1905269622802734,1.8392332792282104
-2.0472829341888428,1.766530990600586
-2.3386614322662354,1.7674578428268433
0.5227095484733582,-0.001878269948065281
-1.6505645513534546,1.541886568069458
0.3723965585231781,0.2962896227836609
3.09661865234375,-2.1203672885894775
2.359586238861084,-1.5301860570907593
0.2564438581466675,0.20013824105262756
-2.9310715198516846,2.1845510005950928
-0.46883413195610046,0.6589870452880859
-2.564424753189087,1.904218077659607
-1.442897081375122,1.24113130569458
-0.08476047962903976,0.2987058460712433
-0.9880994558334351,1.0267833471298218
-1.86224365234375,1.5940841436386108
2.652961492538452,-1.8192318677902222
-0.44963252544403076,0.6607063412666321
3.096137523651123,-2.124194622039795
-0.4889610707759857,0.8428578972816467
-0.883600652217865,1.0514883995056152
-1.5553988218307495,1.4013785123825073
3.2747385501861572,-2.537440061569214
-2.5938808917999268,1.9526748657226562
-2.518916606903076,1.8753901720046997
-1.085924506187439,1.1655335426330566
-1.084359049797058,0.9622073769569397
0.5081501603126526,0.04419359192252159
-0.6618974804878235,0.8753816485404968
-0.5514545440673828,0.688860297203064
2.776834011077881,-1.6612733602523804
-3.2231476306915283,2.308087110519409
3.415910243988037,-2.6143486499786377
2.8702685832977295,-2.2149345874786377
-1.0102989673614502,1.0906723737716675
2.8570139408111572,-2.2140324115753174
1.6461775302886963,-0.8024519681930542
3.017073392868042,-2.299484968185425
-3.0664103031158447,2.216686725616455
-2.710448741912842,2.0191421508789062
2.2916407585144043,-1.5642749071121216
-2.521876573562622,1.9911913871765137
-2.1905269622802734,1.8392332792282104
3.119868516921997,-2.1788454055786133
0.44773587584495544,0.02474960684776306
0.22622708976268768,0.01842917501926422
-2.758641481399536,2.0661094188690186
2.1089320182800293,-1.0413419008255005
-2.4195985794067383,1.9024677276611328
-0.3105882704257965,0.6179392337799072
0.5774475932121277,-0.2511131167411804
-1.1593509912490845,1.098002552986145
0.569076418876648,-0.20000648498535156
-2.376854419708252,1.931707739830017
-1.251845359802246,1.1522241830825806
-3.0897092819213867,2.301673173904419
-1.7254854440689087,1.4682084321975708
3.2315497398376465,-2.5090878009796143
-2.1188182830810547,1.7806298732757568
-0.32869356870651245,0.4972824454307556
2.7625205516815186,-2.041097640991211
3.1610119342803955,-2.22052264213562
-0.09656153619289398,0.3778878450393677
-2.7464516162872314,2.134016752243042
-1.7279629707336426,1.5095272064208984
-0.17640601098537445,0.38868504762649536
-2.3463709354400635,1.9003219604492188
-0.44650936126708984,0.6760411262512207
-1.9670608043670654,1.4257688522338867
-1.0608469247817993,1.052026391029358
-0.9792267680168152,1.0529265403747559
1.277113914489746,-0.42900678515434265
-2.183202028274536,1.8606085777282715
-0.7782849073410034,0.9883251190185547
-3.135685443878174,2.268730401992798
-1.2162727117538452,0.9603763818740845
0.05542442947626114,0.27028778195381165
-0.5627520680427551,0.7510868906974792
-0.7464483380317688,0.9756190180778503
-2.0026357173919678,1.6453075408935547
-1.3092427253723145,1.077619194984436
2.0988006591796875,-1.3086051940917969
1.8445788621902466,-0.9726609587669373
-0.3875577747821808,0.7401203513145447
-1.089924693107605,1.0028085708618164
3.1259875297546387,-2.269167184829712
0.8184075951576233,-0.0956856906414032
-0.7899049520492554,0.8855873346328735
3.4598472118377686,-2.308553457260132
-0.6389880180358887,1.0168161392211914
-1.6045160293579102,1.4457889795303345
2.390624523162842,-1.7513514757156372
0.2535187602043152,0.33109140396118164
3.067368507385254,-2.08343243598938
-1.4488919973373413,1.1803308725357056
0.3307501971721649,0.147868350148201
-3.211965322494507,2.358181953430176
1.7108360528945923,-0.8171320557594299
-1.3177813291549683,1.283066749572754
1.4395246505737305,-0.4940970838069916
-1.8198680877685547,1.6171808242797852
-1.7222075462341309,1.5991102457046509
-1.7243632078170776,1.5904902219772339
-1.9018255472183228,1.5354042053222656
-1.018770456314087,0.7584788799285889
-0.040594011545181274,0.34465909004211426
-2.8732430934906006,2.1055288314819336
2.733981132507324,-1.7869789600372314
-2.230421781539917,1.7555279731750488
1.8513144254684448,-0.9363042712211609
0.9926815032958984,-0.36238017678260803
3.400197982788086,-2.5900230407714844
-2.067232131958008,1.4868487119674683
-2.096364736557007,1.7161256074905396
-0.4963702857494354,0.9012296795845032
0.009919881820678711,0.05191459134221077
-1.3274929523468018,1.2296113967895508
2.686755895614624,-2.1121318340301514
3.3414785861968994,-2.6090261936187744
