-0.6538088321685791,0.33344602584838867
-0.568814218044281,0.596108078956604
-1.0980713367462158,1.0188661813735962
0.032081328332424164,-0.15573111176490784
-1.2692853212356567,1.0881433486938477
-0.8703144192695618,1.0445061922073364
3.0360212326049805,-2.6415393352508545
-1.8622217178344727,1.5319126844406128
-0.2370116412639618,0.1055927574634552
-1.6276476383209229,1.4168750047683716
2.006891965866089,-1.56475031375885
0.4829319715499878,-0.5894275307655334
1.685842752456665,-1.298181414604187
2.667192220687866,-1.971794605255127
-0.8055090308189392,0.7980657815933228
-0.35018065571784973,0.21734820306301117
-2.0718202590942383,1.9098354578018188
-1.2714674472808838,1.0572996139526367
-1.20558500289917,1.1256821155548096
2.4683377742767334,-1.6886579990386963
0.6832490563392639,-0.43971943855285645
-0.8861115574836731,0.8834360241889954
3.1453592777252197,-2.6497669219970703
-0.7832058668136597,0.8458244204521179
-1.6319392919540405,1.364663004875183
-0.26503053307533264,0.22677971422672272
0.9383689165115356,-0.8612773418426514
3.517050266265869,-2.849842071533203
-2.3451924324035645,1.9340907335281372
-0.14869239926338196,-0.013846028596162796
-0.8058503866195679,0.7682997584342957
2.80664324760437,-2.01896333694458
1.0332157611846924,-0.7061027884483337
-2.060359477996826,1.8137941360473633
0.8403486013412476,-0.6340689063072205
-1.7018649578094482,1.6215639114379883
-1.3587019443511963,1.3350123167037964
-2.170231580734253,1.8540680408477783
-0.4171009659767151,0.3953231871128082
-0.3477872312068939,0.28606557846069336
-1.5535658597946167,1.3989343643188477
1.5253435373306274,-1.038269281387329
-0.4897315502166748,0.5093972682952881
3.0654189586639404,-2.704327344894409
-0.23464053869247437,0.03141651675105095
3.4585988521575928,-2.932905912399292
-0.6721400618553162,0.5858360528945923
-1.7844634056091309,1.5528717041015625
2.4777331352233887,-1.727091908454895
-1.1956384181976318,0.9806628227233887
1.9059486389160156,-1.6102635860443115
0.9674813747406006,-0.965919554233551
-0.49999696016311646,0.47459280490875244
-2.0887317657470703,1.8200699090957642
-1.192221760749817,1.0323272943496704
-1.1399492025375366,0.9315035939216614
0.36067163944244385,-0.569595217704773
2.520390272140503,-1.8508732318878174
-0.9217264652252197,0.8495445251464844
-0.3385373651981354,0.3890436887741089
2.2440056800842285,-1.939181923866272
0.0041851080022752285,-0.028489796444773674
-0.7271218299865723,0.7102328538894653
-0.8682600855827332,0.7199663519859314
-0.9428011178970337,0.9221915006637573
0.32690781354904175,-0.138563334941864
-1.0520431995391846,0.9361465573310852
2.464938163757324,-2.211765766143799
0.38957133889198303,-0.24228878319263458
-2.0654797554016113,1.748179316520691
-2.375171422958374,1.9591997861862183
-0.6362839341163635,0.5673307776451111
-1.0634766817092896,1.013177514076233
-1.8460010290145874,1.505859375
-0.4107704758644104,0.23524080216884613
0.4250239133834839,-0.18779446184635162
-1.5570621490478516,1.415962815284729
0.5421901941299438,-0.4701927602291107
-0.6038402915000916,0.3357689678668976
-1.0401155948638916,0.9287471175193787
0.22352638840675354,-0.3796176612377167
0.32912322878837585,-0.36823904514312744
-1.87831449508667,1.577900767326355
-0.13101188838481903,0.02194642461836338
-2.0199639797210693,1.808557152748108
-1.165631651878357,0.7954728007316589
0.8303916454315186,-0.7756134271621704
-0.03789899870753288,0.16502061486244202
-1.206742763519287,1.0846729278564453
0.2583073079586029,-0.13805414736270905
0.7181558609008789,-0.36960119009017944
-0.8578729629516602,0.8952380418777466
-0.7409945726394653,0.7031236886978149
-2.0883965492248535,1.670352578163147
-1.4269912242889404,1.2783358097076416
-1.5639252662658691,1.2335798740386963
0.7370724081993103,-0.42811909317970276
0.4254099726676941,-0.12574347853660583
3.0756824016571045,-2.285886764526367
0.13285952806472778,-0.11432438343763351
-1.4587727785110474,1.4111905097961426
-0.3956058621406555,0.5118427872657776
0.5222386121749878,-0.3991160988807678
-0.20579342544078827,0.18922626972198486
1.1281684637069702,-0.9802101254463196
-1.1093512773513794,0.8759021759033203
1.3672101497650146,-0.8015215396881104
3.1434261798858643,-2.686156749725342
-1.2660109996795654,1.2520049810409546
-1.3740143775939941,1.2157801389694214
-0.8702852129936218,0.886273205280304
-0.28789734840393066,0.24390611052513123
-0.7536187767982483,0.6988533139228821
-0.4128538966178894,0.2680164873600006
-0.34502214193344116,0.10734733939170837
1.649092674255371,-1.4911601543426514
1.1342436075210571,-0.8951038718223572
-1.103385090827942,1.0439532995224
-0.36770451068878174,0.31464773416519165
0.5562970042228699,-0.4594501554965973
-1.4138407707214355,1.0693268775939941
-0.9336702823638916,0.9562302827835083
2.5317304134368896,-2.153986692428589
-1.2951360940933228,1.270179033279419
0.4502176344394684,-0.3355204463005066
1.434215784072876,-0.9416516423225403
-1.2239735126495361,1.175354242324829
0.019032953307032585,0.018934978172183037
0.15514440834522247,0.0607793815433979
0.4710604250431061,-0.2168804407119751
0.09307954460382462,-0.16105566918849945
-1.2264821529388428,1.1602723598480225
0.07113157212734222,0.05270734429359436
1.7460891008377075,-1.31377375125885
-1.226590871810913,1.1054234504699707
0.029798587784171104,0.055711958557367325
-0.13703039288520813,0.15492209792137146
2.7095108032226562,-2.2293314933776855
-0.0688847154378891,0.2629777193069458
-0.8965133428573608,0.9034336805343628
-1.3962986469268799,1.206899881362915
-0.10316289216279984,0.08829967677593231
0.18674032390117645,-0.19585084915161133
-0.23795853555202484,0.14250919222831726
-0.757054328918457,0.8331049680709839
-2.0519802570343018,1.89288330078125
-1.1316993236541748,0.912823498249054
-0.9489277601242065,0.86224764585495
-0.7643895149230957,0.6880891919136047
-1.8225480318069458,1.4505542516708374
-1.9721248149871826,1.7189193964004517
0.7500282526016235,-0.7454781532287598
1.497159481048584,-0.9826068878173828
-0.08410593122243881,0.3401013910770416
-0.40211641788482666,0.5066788792610168
2.4717628955841064,-1.8429815769195557
-1.1093512773513794,0.8759021759033203
-0.48040711879730225,0.6116887927055359
-0.7947443723678589,0.5838492512702942
-1.863832950592041,1.7535979747772217
-0.3232545256614685,0.1634158045053482
-1.3782331943511963,1.238320231437683
-1.7557436227798462,1.4373127222061157
-0.39243659377098083,0.5745844841003418
0.008875963278114796,-0.22909989953041077
-1.2554231882095337,0.9612433314323425
-1.1694334745407104,1.1061955690383911
-0.7457717061042786,0.6797423362731934
0.27642160654067993,-0.23413290083408356
0.055722180753946304,-0.06245298311114311
3.603259563446045,-2.7364771366119385
1.1766401529312134,-0.986810028553009
-2.023378372192383,1.6422842741012573
-1.3146995306015015,1.122941255569458
-0.6360512375831604,0.8184656500816345
-1.014937162399292,0.9065775871276855
-1.681720495223999,1.549731969833374
3.5348546504974365,-2.8161702156066895
-0.6323590874671936,0.5444519519805908
-1.1018983125686646,1.0582926273345947
-1.2354340553283691,1.334368348121643
3.1259138584136963,-2.756368398666382
-2.196082592010498,1.9765554666519165
-1.935936689376831,1.6888045072555542
-0.12450845539569855,0.23500508069992065
-0.9238000512123108,0.8387649059295654
-0.6289223432540894,0.6857846975326538
0.3804660737514496,-0.3508363366127014
2.6260037422180176,-1.718608021736145
1.7166831493377686,-1.5777266025543213
1.5793219804763794,-1.4845703840255737
0.5154727697372437,-0.49246376752853394
-2.23724627494812,1.9609376192092896
1.401981234550476,-1.3376872539520264
3.2228739261627197,-2.773587703704834
-1.177692174911499,0.8306848406791687
2.3552911281585693,-1.749483346939087
-1.8474571704864502,1.6463499069213867
0.3285614550113678,-0.48062705993652344
-0.23529207706451416,0.2723516821861267
-1.6892669200897217,1.5560542345046997
0.33615773916244507,-0.1283281147480011
-0.42055028676986694,0.41731488704681396
-1.7295267581939697,1.3621610403060913
1.5461316108703613,-1.086491346359253
3.1461710929870605,-2.5347979068756104
-0.6592928767204285,0.5598840117454529
-1.9481768608093262,1.8331303596496582
-0.9350093603134155,0.7979110479354858
-1.3440500497817993,1.2040082216262817
-1.4587727785110474,1.4111905097961426
2.506807327270508,-2.1570849418640137
-0.040272537618875504,0.094570592045784
3.4915401935577393,-2.814272403717041
0.06379116326570511,-0.33959147334098816
-0.39007997512817383,0.3139975666999817
-0.25840795040130615,0.20908333361148834
-0.762364387512207,0.7308131456375122
0.500792384147644,-0.5252475142478943
-1.6504441499710083,1.4402352571487427
-0.5544849038124084,0.27954941987991333
1.3590083122253418,-1.1394301652908325
-0.20221351087093353,0.3405258059501648
-1.590038776397705,1.4737071990966797
0.16986604034900665,-0.23098915815353394
-1.677619457244873,1.7145532369613647
2.1107261180877686,-1.7278215885162354
-0.2357024848461151,0.019593538716435432
0.11701696366071701,-0.11045010387897491
0.851518452167511,-0.6434889435768127
-0.8119447231292725,0.7022238969802856
-2.295278787612915,1.9570010900497437
-0.9198310971260071,0.9075811505317688
-0.7511107921600342,0.7494175434112549
-1.6999894380569458,1.398006796836853
1.825864553451538,-1.2489385604858398
-1.3968616724014282,1.311784029006958
-0.44848790764808655,0.3640677034854889
-0.1314503252506256,0.19320106506347656
-1.6706981658935547,1.5752102136611938
-1.2130531072616577,1.203316330909729
-0.8688753247261047,0.8344009518623352
0.27927738428115845,-0.3062892556190491
3.119658946990967,-2.510343551635742
1.5998274087905884,-1.395226001739502
2.244577646255493,-1.8799421787261963
-1.4837762117385864,1.3863351345062256
-2.003031015396118,1.7040890455245972
0.08111260086297989,-0.09682200849056244
-1.7118726968765259,1.4339371919631958
-2.0857174396514893,1.915351390838623
-0.3962893486022949,0.44162747263908386
3.562252998352051,-2.8294529914855957
3.555738925933838,-2.900191068649292
0.07685963809490204,-0.05190541595220566
0.3890155553817749,-0.4917662441730499
3.661959171295166,-2.9462201595306396
-0.40232938528060913,0.4409869313240051
-0.26808565855026245,0.25526973605155945
0.1887485831975937,0.10871127992868423
0.2743402421474457,-0.3137555718421936
-1.4717493057250977,1.3053629398345947
0.475437730550766,-0.16879601776599884
0.7451610565185547,-0.32991015911102295
-2.1519672870635986,1.8958277702331543
-0.9894349575042725,1.191985011100769
-0.7001378536224365,0.7715264558792114
-0.16807293891906738,0.21335278451442719
-0.493972510099411,0.4245583415031433
2.8229174613952637,-2.1653783321380615
0.06028511002659798,-0.06819137930870056
0.05629260465502739,0.03437406197190285
0.7997981309890747,-0.8141890168190002
-1.6104131937026978,1.4649237394332886
-1.2428151369094849,1.1775329113006592
3.5011403560638428,-2.9194624423980713
-0.36688756942749023,0.28286564350128174
-0.42386990785598755,0.18736037611961365
-0.8759028911590576,0.9105027318000793
-1.7201948165893555,1.3404608964920044
-0.9043058156967163,0.9236136674880981
0.48615556955337524,-0.1190100610256195
-0.3117426931858063,0.3689993619918823
-0.25795233249664307,0.35786503553390503
3.270496368408203,-2.564547538757324
0.654985785484314,-0.4339296221733093
-1.2870805263519287,0.847744345664978
0.05600455775856972,-0.03323963284492493
3.3695507049560547,-2.8987925052642822
-2.100015640258789,1.8469749689102173
-0.5217089653015137,0.48209086060523987
-1.2782968282699585,1.2231204509735107
-1.6310808658599854,1.563899278640747
-1.0911221504211426,1.1328911781311035
1.3307311534881592,-1.0719531774520874
-0.24068892002105713,0.19367800652980804
-1.4870100021362305,1.1556270122528076
-0.8875592350959778,0.9199714064598083
-1.2527297735214233,0.9379454255104065
1.531655192375183,-1.2406818866729736
-1.373538613319397,1.1010805368423462
1.4411522150039673,-1.1654329299926758
-1.499146580696106,1.2649897336959839
-0.8211200833320618,0.8509723544120789
1.1511173248291016,-1.016416072845459
-1.8639370203018188,1.6233875751495361
0.8331331610679626,-0.6134191155433655
-1.3712083101272583,1.0782643556594849
-1.605858325958252,1.2147914171218872
-1.5190420150756836,1.359114646911621
-0.9828791618347168,1.0440224409103394
2.566288471221924,-2.261479616165161
-0.7469066381454468,0.6636620163917542
1.7362349033355713,-1.2715638875961304
-1.1889748573303223,0.8382203578948975
-1.4734351634979248,1.3778151273727417
1.440688133239746,-1.2908693552017212
3.4960567951202393,-2.913560152053833
0.2471938133239746,-0.022984901443123817
-0.011939185671508312,0.12254474312067032
1.2194418907165527,-0.8779637813568115
3.583261489868164,-2.654653787612915
0.00974882859736681,-0.009265231899917126
-1.2946207523345947,1.204857349395752
-1.6459314823150635,1.3399150371551514
0.2318018078804016,-0.1628059595823288
-1.0051473379135132,0.8866086602210999
1.3691742420196533,-1.2748357057571411
-1.3334174156188965,1.2876485586166382
-1.2417919635772705,1.1095774173736572
-0.5227952599525452,0.5446937084197998
-0.41496962308883667,0.5500069856643677
-0.44916555285453796,0.2619747817516327
-0.036333221942186356,-0.08434824645519257
-1.1922346353530884,0.9789747595787048
-1.2346651554107666,1.073431372642517
0.3959362506866455,0.06138783320784569
-1.2424588203430176,1.042184829711914
3.6766185760498047,-2.6748318672180176
-0.5216718316078186,0.42573684453964233
-0.6600032448768616,0.736777663230896
-0.2584441602230072,0.5755255818367004
-0.2092783898115158,0.46469223499298096
2.7530040740966797,-2.2287793159484863
-2.01888370513916,1.8202905654907227
0.4086986184120178,-0.23878270387649536
-1.0749493837356567,0.9581055045127869
-1.001631498336792,0.894205629825592
-2.1777327060699463,1.9065098762512207
-1.1119028329849243,1.035073161125183
-0.2698005437850952,0.28446337580680847
-1.9912240505218506,1.8220220804214478
0.10059279948472977,-0.0927731916308403
-1.282715082168579,1.3007194995880127
-0.7138491272926331,0.6837229132652283
-1.1062054634094238,1.0895997285842896
-0.35108011960983276,0.33324503898620605
-0.4530184864997864,0.3482283353805542
0.5232992172241211,-0.4116716682910919
-0.9194983243942261,0.7192235589027405
1.3313246965408325,-0.8808194994926453
-0.7226872444152832,0.613796591758728
-1.805312156677246,1.5759161710739136
-1.6077812910079956,1.4271856546401978
1.2141399383544922,-1.1956608295440674
-1.2926371097564697,1.018409252166748
-1.3462131023406982,1.070744276046753
-1.145760178565979,1.1936460733413696
0.7130075097084045,-0.08643074333667755
-0.40025556087493896,0.16416926681995392
-0.3354308605194092,0.20704208314418793
-0.2419910430908203,0.14801691472530365
-1.7958941459655762,1.6029868125915527
0.49245667457580566,-0.42209744453430176
-0.9138132929801941,0.8844289183616638
3.3193376064300537,-2.8390424251556396
-0.975666880607605,0.7413144111633301
0.948533833026886,-0.5315825939178467
0.3187764883041382,-0.5038901567459106
-0.5737183094024658,0.6286859512329102
-2.1815102100372314,1.9035571813583374
2.2556848526000977,-1.5460779666900635
-1.7728813886642456,1.655552625656128
-0.9385675191879272,0.7490812540054321
0.30318206548690796,-0.057514093816280365
-2.159836769104004,1.9764618873596191
-2.299649715423584,2.0378458499908447
-2.006885290145874,1.8056707382202148
0.4266955852508545,-0.3150908946990967
1.9031327962875366,-1.13149094581604
-0.8665374517440796,0.8554767966270447
-0.2734139561653137,0.11272965371608734
1.5883413553237915,-0.9467685222625732
-0.6289223432540894,0.6857846975326538
-1.1438243389129639,1.0362253189086914
-0.6231570243835449,0.4887544512748718
0.7216976881027222,-0.5859359502792358
-0.016840094700455666,-0.023990726098418236
-1.1254972219467163,0.9724428653717041
-0.30709949135780334,0.19559884071350098
-0.5150691866874695,0.2194923758506775
0.8256567716598511,-0.7025638222694397
-2.3817520141601562,2.0314297676086426
2.8302457332611084,-2.367051601409912
2.527637243270874,-1.7990132570266724
-1.9078121185302734,1.8159693479537964
-0.8898860812187195,0.9231004118919373
-0.8300292491912842,0.40257424116134644
-1.7082808017730713,1.4792531728744507
-1.7610044479370117,1.5152511596679688
-0.9084511399269104,1.0070409774780273
2.2870895862579346,-1.592923879623413
-1.3568885326385498,1.2169380187988281
-0.14219574630260468,0.14813090860843658
-1.4036283493041992,1.1837482452392578
-1.957405924797058,1.714241862297058
-0.669102132320404,0.6308106780052185
-0.671026349067688,0.6890096068382263
2.3098132610321045,-1.594929814338684
1.5065293312072754,-1.38252592086792
-1.1042568683624268,1.1409152746200562
-0.7654735445976257,0.5569300055503845
-0.4423719644546509,0.4960024058818817
-1.335845947265625,1.0600923299789429
0.05098805949091911,-0.0545903779566288
3.651642322540283,-2.756767749786377
-1.548841953277588,1.444666862487793
-0.806760847568512,0.8092275857925415
0.5304325222969055,-0.5489838123321533
-0.7285580635070801,0.8280959129333496
-0.3410656154155731,0.37038639187812805
-1.3125396966934204,1.261948585510254
-1.0903619527816772,1.0920422077178955
-0.5256447196006775,0.5613171458244324
-0.33323603868484497,0.25758591294288635
-0.5955674052238464,0.7130143046379089
-1.2252391576766968,1.0654767751693726
1.6534111499786377,-1.3108102083206177
-0.2357024848461151,0.019593538716435432
-1.0911221504211426,1.1328911781311035
-1.1179922819137573,1.2561041116714478
0.3359892964363098,-0.04306090250611305
-1.9739450216293335,1.546069622039795
-1.9423844814300537,1.7651563882827759
-0.9027836322784424,0.9844032526016235
-0.6391186714172363,0.4515930414199829
-0.7711966633796692,0.7420799136161804
-0.9356583952903748,0.5615169405937195
-2.007190465927124,1.5760283470153809
0.2059163749217987,-0.293887734413147
-0.08342426270246506,0.032821621745824814
1.8713372945785522,-1.6703619956970215
-1.1742292642593384,1.2306663990020752
-0.8402969837188721,0.761849045753479
-0.772892415523529,0.7188785076141357
-0.013392101041972637,-0.09976638853549957
-1.1873865127563477,1.1384457349777222
-1.1700825691223145,1.0242217779159546
0.06987167149782181,0.04010769724845886
-0.8113859295845032,0.6970349550247192
-0.34599569439888,0.10493592917919159
-0.3864927887916565,0.4168127179145813
-0.795154333114624,0.805976390838623
-1.3914965391159058,1.1140918731689453
0.2412034124135971,-0.12147757411003113
-2.1361818313598633,1.8617985248565674
2.5155961513519287,-2.058151960372925
-0.7784404754638672,0.696975588798523
-0.49047255516052246,0.5364230275154114
-1.5340794324874878,1.2305947542190552
-1.1199676990509033,0.9920546412467957
-1.0780962705612183,1.0804193019866943
1.2953295707702637,-0.9213750958442688
-0.7271223068237305,0.587343692779541
1.410385251045227,-1.0749492645263672
-1.9472178220748901,1.8009506464004517
-0.2535696029663086,0.1957358419895172
-0.8631556630134583,0.5133277773857117
-1.041211724281311,0.9034197926521301
0.30333593487739563,-0.38918426632881165
1.9310046434402466,-1.6118299961090088
0.20635797083377838,-0.28480955958366394
1.7301108837127686,-1.6443613767623901
-1.3229464292526245,1.196488857269287
-0.31879088282585144,0.21303394436836243
-1.0601128339767456,0.9458616375923157
1.2255423069000244,-0.9236164689064026
-0.22339017689228058,0.09056328982114792
-2.324493169784546,2.0804126262664795
2.2750022411346436,-1.8980244398117065
0.31920140981674194,0.04854690656065941
-1.02579665184021,0.8270134925842285
-0.9225612282752991,0.6985155940055847
-1.6594018936157227,1.4037396907806396
-1.1568325757980347,1.089148998260498
-0.44787442684173584,0.7535302042961121
2.7099835872650146,-2.2065141201019287
-0.3193514943122864,0.3645433485507965
-0.8484979867935181,0.6501045823097229
-0.8285132050514221,0.6118468642234802
-0.5678743720054626,0.3743160367012024
-1.3543262481689453,1.3199317455291748
-1.9803881645202637,1.8424854278564453
-0.348039835691452,0.2800443470478058
-1.4199899435043335,1.1696341037750244
-0.029107244685292244,0.2785381078720093
-0.2714802622795105,0.4850008487701416
0.5774078965187073,-0.5908811092376709
0.35441267490386963,-0.44890931248664856
-1.1389718055725098,1.0964099168777466
-0.029431426897644997,-0.001375144929625094
-1.0673503875732422,1.0694832801818848
-1.3783572912216187,1.3496114015579224
-0.04844955727458,0.25861042737960815
0.7794857621192932,-0.7485666871070862
-1.2916135787963867,1.0139621496200562
-1.251077651977539,1.2499734163284302
-0.004578063730150461,-0.11767493933439255
-0.4231559932231903,0.5569133758544922
-1.1006742715835571,1.0347286462783813
-1.9481136798858643,1.519705057144165
-0.7298402786254883,0.74654221534729
2.781583309173584,-2.526602268218994
-1.5585453510284424,1.4776438474655151
-0.8461936712265015,0.6069263219833374
-1.7787683010101318,1.4833788871765137
-0.5527955293655396,0.4385925531387329
-0.7294748425483704,0.5426139831542969
2.0122036933898926,-1.3613132238388062
1.229562759399414,-0.916079580783844
2.174379825592041,-1.827746033668518
-1.5224988460540771,1.2656522989273071
0.06599461287260056,-0.0875217393040657
-1.3790042400360107,1.2082602977752686
-0.6416683793067932,1.008547067642212
-0.36352381110191345,0.5310122966766357
-0.9803414344787598,0.7444644570350647
2.6285300254821777,-2.415254831314087
-2.217766523361206,1.8796018362045288
-0.25148749351501465,0.21561068296432495
-1.5940556526184082,1.3562027215957642
-2.3817520141601562,2.0314297676086426
0.05334962531924248,-0.07477530092000961
3.3884732723236084,-2.765228509902954
-1.8884028196334839,1.7486902475357056
-2.3719022274017334,2.147085189819336
-2.599151611328125,2.2108945846557617
0.8876681923866272,-0.44392088055610657
2.3267130851745605,-1.7760599851608276
0.016773348674178123,-0.0064968387596309185
-0.6215972900390625,0.5058606266975403
2.3521223068237305,-1.981689214706421
-1.0610085725784302,0.8382836580276489
0.996362030506134,-0.9065091013908386
0.8266614079475403,-0.6732431650161743
-1.6760538816452026,1.7625631093978882
0.7828638553619385,-0.19981245696544647
-0.6781079769134521,0.6879162192344666
-1.9335435628890991,1.5298775434494019
-1.79548978805542,1.586851716041565
1.2192940711975098,-1.1476168632507324
0.9036107659339905,-0.6157638430595398
-0.4730232357978821,0.5168685913085938
-1.8559507131576538,1.621628761291504
-1.9492548704147339,1.8208574056625366
-1.659065842628479,1.3716880083084106
-1.0407510995864868,0.9737561941146851
0.21302585303783417,0.1328374743461609
-0.23180809617042542,0.1927945911884308
0.149323970079422,0.017109742388129234
-0.26494717597961426,0.24084338545799255
-1.3407734632492065,1.2587826251983643
-0.8306578397750854,0.8208782076835632
-1.81974458694458,1.6632798910140991
0.2160376012325287,-0.3612914979457855
0.20740294456481934,-0.07803038507699966
-0.6431194543838501,0.6542598009109497
0.11263586580753326,-0.04314664006233215
3.5583348274230957,-2.9298665523529053
-0.44629284739494324,0.2703186869621277
-0.20934462547302246,0.33546119928359985
0.18690332770347595,-0.1609453409910202
-1.2192227840423584,1.123887062072754
-1.089035153388977,0.8050506711006165
-2.32763409614563,2.011359214782715
-1.1853501796722412,0.859325110912323
-1.656996250152588,1.2660648822784424
-1.0180625915527344,0.854771077632904
-0.07023034989833832,0.22258375585079193
2.0177488327026367,-1.9752857685089111
-0.6660364866256714,0.678741455078125
-0.30585789680480957,0.3542221188545227
3.3593506813049316,-2.896261215209961
-0.4488641917705536,0.4759838283061981
-0.09681812673807144,0.6874706745147705
3.537169933319092,-2.908454418182373
2.5703697204589844,-1.8919541835784912
-0.9562735557556152,0.8615298867225647
3.599057912826538,-2.5040531158447266
-1.3687623739242554,1.271484136581421
3.2932631969451904,-2.781773090362549
-1.389666199684143,1.1668241024017334
0.06975401192903519,-0.28998711705207825
-1.6894080638885498,1.3414967060089111
2.58161997795105,-2.085578203201294
2.760260581970215,-2.3731677532196045
-0.910668671131134,0.9860358238220215
-0.6600911021232605,0.6615027189254761
3.2903239727020264,-2.6637423038482666
-0.020790154114365578,0.1472705602645874
3.4084551334381104,-2.8220481872558594
-1.9359391927719116,1.6273534297943115
-0.7474413514137268,0.8333376049995422
-1.4840447902679443,1.3991668224334717
2.220147132873535,-1.7869950532913208
-1.9339444637298584,1.6787629127502441
0.9397646188735962,-0.5660667419433594
3.0740456581115723,-2.5749242305755615
1.415124773979187,-1.1107590198516846
1.657047152519226,-1.5465421676635742
-1.3801367282867432,1.3780730962753296
-0.22006139159202576,0.2135257124900818
0.6693052053451538,-0.5159229636192322
0.49722182750701904,-0.4112075865268707
-0.568814218044281,0.596108078956604
-0.910927951335907,0.6641904711723328
-0.8483912348747253,0.7357186079025269
3.29721736907959,-2.7902839183807373
-1.4684337377548218,1.1844650506973267
-0.7753264307975769,0.5814564824104309
2.074706554412842,-1.681409478187561
-1.0893218517303467,0.9194972515106201
-0.10227359086275101,0.5777795314788818
0.8762816190719604,-0.5449784398078918
-1.3641774654388428,1.2300482988357544
2.6812705993652344,-1.772634744644165
0.0891631618142128,-0.04281969740986824
2.8057615756988525,-2.026263475418091
-1.1723933219909668,1.1104518175125122
0.9525558948516846,-0.6354266405105591
3.0584468841552734,-2.417604684829712
-0.9483346939086914,0.7947644591331482
-1.8337055444717407,1.625925898551941
-0.23636028170585632,0.28577038645744324
0.1866251528263092,0.148398756980896
2.737245798110962,-2.1654391288757324
2.2980875968933105,-2.0754294395446777
-0.6864932775497437,0.5426716804504395
-0.5497308969497681,0.7024064660072327
1.4051300287246704,-0.9124587178230286
-0.8939824104309082,0.8554035425186157
0.9651927947998047,-0.7862251996994019
3.6463334560394287,-2.9719111919403076
-0.9390161037445068,0.7044506669044495
2.7225308418273926,-2.1675448417663574
-0.06467527896165848,-0.12709499895572662
-1.8792937994003296,1.557788610458374
2.6407973766326904,-2.252290725708008
-0.5927578806877136,0.37040796875953674
-0.9270130395889282,0.7634855508804321
-0.6257457137107849,0.5453706979751587
-1.5233958959579468,1.525028109550476
3.5316553115844727,-2.9711990356445312
-1.1750249862670898,1.131229043006897
2.9373819828033447,-2.4143104553222656
1.3214707374572754,-1.1433266401290894
-1.6624959707260132,1.441900372505188
-0.26503053307533264,0.22677971422672272
-1.0346832275390625,1.0039454698562622
2.8316073417663574,-2.039999008178711
-0.2698005437850952,0.28446337580680847
-0.9791300892829895,1.0586731433868408
-0.16830366849899292,0.41653701663017273
-0.5842434167861938,0.6255261898040771
-0.2507738471031189,0.20001520216464996
-0.5171881914138794,0.4760231375694275
3.3066301345825195,-2.8219363689422607
-1.1128172874450684,1.0617426633834839
-1.7171438932418823,1.598954200744629
0.5987715721130371,-0.08779590576887131
-0.9131774306297302,0.6568751931190491
-1.3357090950012207,1.1950898170471191
0.8111642003059387,-0.839321494102478
0.8960728049278259,-0.8447535037994385
-0.26050078868865967,0.43540745973587036
-0.8630019426345825,0.8618379831314087
3.231968641281128,-2.7260591983795166
-0.7508542537689209,0.6566702723503113
-0.9085204601287842,0.9228862524032593
-0.7414570450782776,0.7035394906997681
-1.4840447902679443,1.3991668224334717
-0.4236554205417633,0.3975934386253357
-0.9670387506484985,0.872302770614624
-0.22365033626556396,0.1782352328300476
-0.16454467177391052,0.30480167269706726
2.38883376121521,-2.0066580772399902
-1.7848553657531738,1.7831838130950928
1.8027901649475098,-1.56222403049469
0.5301584005355835,-0.3839340806007385
0.6673900485038757,-0.5738922357559204
0.6970359086990356,-0.37095022201538086
2.890291690826416,-2.501347064971924
-1.9219167232513428,1.5575417280197144
-1.5915725231170654,1.358163595199585
2.472219467163086,-2.079190492630005
-1.6718192100524902,1.3735555410385132
-0.03505070134997368,0.03991077467799187
-0.9106469750404358,0.6534067988395691
-0.5571305155754089,0.8260492086410522
-1.2554231882095337,0.9612433314323425
-1.1193618774414062,0.9565607309341431
-0.5107470154762268,0.6319778561592102
-0.33501148223876953,0.2923927307128906
-1.7130147218704224,1.590741515159607
-0.8942857384681702,0.8980299234390259
-0.8728803396224976,1.001450538635254
-2.0333480834960938,1.7556586265563965
-1.1389718055725098,1.0964099168777466
-0.8701541423797607,0.7139264941215515
0.3038921654224396,-0.2922340929508209
-1.1427950859069824,0.9153788685798645
0.21056130528450012,-0.04095359891653061
-0.8871601223945618,0.6499429941177368
-0.7536200284957886,0.5155797004699707
2.321486234664917,-1.609052062034607
1.6682348251342773,-1.4718035459518433
0.6943168640136719,-0.7292248606681824
-0.15038326382637024,0.04722389206290245
-0.19483064115047455,0.3124057352542877
-0.588813841342926,0.402296781539917
2.256488561630249,-1.9314321279525757
-1.7688305377960205,1.6674739122390747
2.430246114730835,-1.908968448638916
3.538482427597046,-2.8040554523468018
-0.499977707862854,0.4690394401550293
-0.6958699226379395,0.7090414762496948
-2.3313276767730713,2.054943561553955
-1.8633460998535156,1.5595722198486328
-2.2394206523895264,1.7658720016479492
-0.7968330979347229,1.1111316680908203
-1.2346651554107666,1.073431372642517
-1.0089354515075684,0.9057377576828003
0.9318426251411438,-0.8397880792617798
2.5893354415893555,-1.9748175144195557
2.0710580348968506,-1.6750901937484741
-1.5372711420059204,1.2583236694335938
-0.9577946662902832,0.9354657530784607
3.183224678039551,-2.7756199836730957
-1.8250032663345337,1.3976811170578003
-0.5306164026260376,0.4559285640716553
-1.6789506673812866,1.6259181499481201
1.59172785282135,-1.5480916500091553
-0.5303683876991272,0.5083210468292236
-2.2025022506713867,1.8417644500732422
3.396034002304077,-2.87583065032959
-2.3156309127807617,2.057831287384033
3.1456379890441895,-2.386561632156372
2.6552176475524902,-1.9314672946929932
-0.3878861665725708,0.43244677782058716
-1.2321531772613525,0.9841414093971252
1.753615379333496,-1.3024156093597412
-1.9463670253753662,1.6205826997756958
-0.73353511095047,0.6462367177009583
-0.021145129576325417,0.12029322981834412
-1.9790949821472168,1.6542538404464722
-0.7397258877754211,0.7233481407165527
-1.6373262405395508,1.3339282274246216
1.0799444913864136,-0.7600809335708618
3.180129289627075,-2.7790825366973877
-0.04679907485842705,0.23378033936023712
-1.0784885883331299,0.9132171869277954
3.0457043647766113,-2.4215340614318848
-1.410771369934082,1.3691295385360718
-0.8071684241294861,0.6613878607749939
-1.4269912242889404,1.2783358097076416
0.48502594232559204,-0.44720837473869324
3.523580551147461,-2.9123153686523438
-1.321103811264038,1.2325599193572998
-0.3510207533836365,0.10416032373905182
-1.093172550201416,1.0621837377548218
2.6770105361938477,-1.9276657104492188
-0.6029808521270752,0.5517818331718445
-1.1951124668121338,1.2285208702087402
-0.9073560237884521,0.7600921988487244
-0.20807060599327087,0.2711283564567566
-1.0905734300613403,0.7349245548248291
-0.20471763610839844,0.2930295169353485
1.6930365562438965,-1.359055757522583
-2.01888370513916,1.8202905654907227
-1.3945542573928833,1.1374549865722656
1.6569594144821167,-1.2793810367584229
3.3211264610290527,-2.723896026611328
-0.8570837378501892,0.9249641299247742
-0.8599160313606262,0.7793028354644775
0.5095785856246948,-0.5646487474441528
-0.3956058621406555,0.5118427872657776
-2.0542194843292236,1.847347378730774
-1.8017691373825073,1.5471361875534058
-2.21083402633667,1.9975237846374512
0.5420949459075928,-0.13737638294696808
1.5035905838012695,-1.385589599609375
3.632524251937866,-2.6720452308654785
-1.4411420822143555,1.2113920450210571
3.3820488452911377,-2.5769431591033936
-1.29883873462677,1.2866785526275635
-0.21416231989860535,0.2898763418197632
1.1872057914733887,-0.7235870957374573
-2.0529348850250244,1.7738823890686035
-0.5676631927490234,0.5882691144943237
2.4307587146759033,-1.894522786140442
-2.057403087615967,1.800054907798767
-2.1551899909973145,1.7826244831085205
-1.8017691373825073,1.5471361875534058
-0.8040614724159241,0.701424777507782
-1.5911539793014526,1.5355877876281738
-0.9500691294670105,0.8523702621459961
-1.6212475299835205,1.5241276025772095
-0.49137794971466064,0.3642100989818573
-1.6616528034210205,1.4670381546020508
3.488156318664551,-2.8616154193878174
0.0919143334031105,0.593713641166687
1.2397642135620117,-1.1828436851501465
-0.8246446847915649,0.9020758867263794
1.603495717048645,-1.28471839427948
1.854317545890808,-1.3898414373397827
-0.6394392848014832,0.38955000042915344
-1.481750249862671,1.5160794258117676
0.24826036393642426,-0.2736018896102905
-0.6871357560157776,0.39072373509407043
-1.0582407712936401,0.9678822755813599
2.42385196685791,-2.005368947982788
2.6357593536376953,-2.0116541385650635
1.4986408948898315,-0.9583162069320679
3.2872209548950195,-2.803541898727417
-2.239112615585327,1.9292374849319458
-1.6188945770263672,1.23793363571167
-0.7892683744430542,0.5887435674667358
-1.5891627073287964,1.2625561952590942
-1.9129499197006226,1.6564310789108276
-0.9403110146522522,0.7806196212768555
-0.6580743193626404,0.7893304824829102
-0.9532805681228638,0.954893946647644
-0.9616497159004211,0.7193812727928162
-0.529046893119812,0.44963303208351135
3.4185001850128174,-2.333758592605591
2.7276113033294678,-2.1439437866210938
-1.0184017419815063,1.1231515407562256
3.648719072341919,-2.6967411041259766
1.0201852321624756,-1.0497843027114868
-1.1555488109588623,1.085386037826538
-1.0210682153701782,0.895587682723999
-0.7943313717842102,1.0224148035049438
-0.7969965934753418,0.784878134727478
0.21782159805297852,-0.09213244915008545
2.126243829727173,-1.8705627918243408
-1.3007867336273193,1.0757375955581665
-0.6997670531272888,0.6334548592567444
-2.1713714599609375,1.93772554397583
0.7719594836235046,-0.7464367747306824
0.46112239360809326,-0.20659908652305603
-0.1343788504600525,0.1450258493423462
3.2803902626037598,-2.6687426567077637
-0.9376795291900635,0.8087360262870789
1.9527605772018433,-1.5506367683410645
-2.1059043407440186,1.7584426403045654
-1.183666467666626,1.0563499927520752
-1.532278299331665,1.4509869813919067
-1.8021528720855713,1.5328819751739502
-0.48338747024536133,0.4087860584259033
0.5045410990715027,-0.21283309161663055
-2.0883965492248535,1.670352578163147
2.017632007598877,-1.5758488178253174
-0.29704463481903076,0.29906609654426575
2.708961009979248,-2.2889230251312256
2.4512555599212646,-1.9124780893325806
0.91939377784729,-0.7131615281105042
0.5682306885719299,-0.47949641942977905
-1.1329326629638672,1.0314857959747314
-0.8812233209609985,0.8899908065795898
-1.6966211795806885,1.4777770042419434
3.113095283508301,-2.6401898860931396
0.04752806946635246,-0.10304717719554901
-2.0475776195526123,1.9139845371246338
1.0389735698699951,-0.8464549779891968
-0.10329315811395645,0.06528376042842865
-0.5134605169296265,0.5905230045318604
2.9912149906158447,-2.486396312713623
-0.5549836158752441,0.600785493850708
0.2160489857196808,-0.20581510663032532
-2.2073566913604736,1.7985870838165283
-2.3028111457824707,1.9523237943649292
3.5873820781707764,-2.828493356704712
-0.8172479867935181,0.6058817505836487
2.4063470363616943,-1.9950058460235596
1.2700879573822021,-0.4198758006095886
3.3293569087982178,-2.538431406021118
0.9835857152938843,-0.6859155893325806
-0.33865663409233093,0.4985566735267639
-1.4940695762634277,1.315999984741211
0.6505350470542908,-0.6308287382125854
-0.9349649548530579,0.9585910439491272
-0.07047957181930542,0.15925303101539612
-0.9384635090827942,0.6693019866943359
-0.7744263410568237,0.6282850503921509
0.3954085111618042,0.05078629031777382
-0.11653061211109161,0.11557453125715256
-1.562040090560913,1.3977702856063843
-1.9890838861465454,1.8972505331039429
-1.1983129978179932,1.2087013721466064
1.468557357788086,-1.4997577667236328
1.1702468395233154,-1.0475021600723267
0.6597181558609009,-0.46714046597480774
-1.4855313301086426,1.3275192975997925
-1.6043657064437866,1.4209380149841309
0.4526231288909912,-0.2774814963340759
-2.379822015762329,1.9924954175949097
-0.07460446655750275,0.16925078630447388
1.0901587009429932,-1.0558768510818481
-0.7075095176696777,0.7058943510055542
1.5399492979049683,-1.1213496923446655
-0.9590049386024475,0.8515897393226624
-1.5272988080978394,1.2083556652069092
3.3923158645629883,-2.9333178997039795
-2.09590744972229,1.617342233657837
-0.6864131689071655,0.4864977300167084
0.14318916201591492,-0.11063914000988007
0.3506999611854553,0.1934252679347992
0.817251443862915,-0.743996262550354
1.3723126649856567,-0.960590124130249
1.9486322402954102,-1.6044522523880005
-1.2673225402832031,1.1571650505065918
-0.8701871633529663,0.9914381504058838
-0.435165137052536,0.3284405767917633
1.6788042783737183,-1.490002989768982
-1.6643905639648438,1.55789053440094
-0.2580353021621704,0.4186740815639496
-1.957405924797058,1.714241862297058
-0.8981144428253174,0.5804333090782166
-1.0299352407455444,0.9383729100227356
-1.1951124668121338,1.2285208702087402
-0.8330575227737427,0.585911214351654
0.3314019441604614,-0.3508923053741455
1.9648916721343994,-1.2918567657470703
-1.170179843902588,1.0716768503189087
0.29958030581474304,-0.29300642013549805
-1.8544526100158691,1.7278376817703247
0.3472571074962616,-0.2532649040222168
-1.5533478260040283,1.3948973417282104
1.0713257789611816,-0.5394590497016907
-0.5127577781677246,0.6448633670806885
-0.9455530047416687,0.911049485206604
-1.0631884336471558,0.7874201536178589
-0.03822873905301094,-0.1978956162929535
-0.4360313415527344,0.268061101436615
-0.4269108474254608,0.2536047399044037
-1.6449705362319946,1.4632811546325684
-0.6858742833137512,0.7872642278671265
-2.1467700004577637,1.9273961782455444
2.6095006465911865,-1.8855693340301514
-0.42246127128601074,0.5683728456497192
-1.2821749448776245,1.080567717552185
0.8678947687149048,-0.4255327582359314
1.712854266166687,-1.1355830430984497
-0.5394346117973328,0.6179453730583191
-1.6874433755874634,1.337900161743164
-0.31467771530151367,0.13958293199539185
-1.4834778308868408,1.1053733825683594
-2.092702865600586,1.7871415615081787
-2.0481324195861816,1.9156200885772705
-2.343691110610962,2.0118298530578613
-1.1584328413009644,1.1981197595596313
2.8219635486602783,-1.9128093719482422
-0.38329270482063293,0.3471980690956116
-1.8461155891418457,1.5978797674179077
-1.1839025020599365,1.2160547971725464
1.310738444328308,-0.8478102087974548
-0.059572603553533554,0.2901967167854309
-0.2599675953388214,0.0959843248128891
-0.5541626214981079,0.4507628381252289
-0.651293933391571,0.6160390973091125
-0.6966351866722107,0.6840917468070984
1.3865883350372314,-1.3785021305084229
0.08664547652006149,0.15429340302944183
-0.9988133311271667,1.0021402835845947
-1.1015470027923584,0.9412868618965149
0.5228403806686401,-0.21379020810127258
2.9876210689544678,-2.171987295150757
1.6822389364242554,-0.9919658899307251
2.7851531505584717,-2.4351625442504883
2.5437467098236084,-1.6050546169281006
-1.366350769996643,1.0556527376174927
-0.3719108998775482,0.6224027276039124
-0.6936219930648804,0.8774552941322327
-0.344634473323822,0.43166449666023254
-0.600782573223114,0.5031614899635315
-1.2474822998046875,1.1482090950012207
0.7554472088813782,-0.7539373636245728
-0.7308974862098694,0.5615729689598083
-0.12926340103149414,0.16881075501441956
0.9870496988296509,-0.8876893520355225
0.4266955852508545,-0.3150908946990967
-1.6144288778305054,1.4807955026626587
-1.291325569152832,1.1309250593185425
-0.9732159972190857,0.8747734427452087
-2.150134325027466,1.8704379796981812
-0.9882122278213501,1.0181653499603271
-0.2674658000469208,0.4066051244735718
2.91878342628479,-2.5413429737091064
1.4619096517562866,-1.1671040058135986
-0.8710598349571228,0.7691317200660706
2.7424185276031494,-2.1564648151397705
-0.9485243558883667,1.0148099660873413
-0.5634639859199524,0.6182926893234253
-1.0897650718688965,0.8207147717475891
1.6863480806350708,-1.370968222618103
-1.40621018409729,1.1170357465744019
1.252055287361145,-1.1377501487731934
-1.5754632949829102,1.564695954322815
1.6455060243606567,-1.495654582977295
-0.3544577658176422,0.34770387411117554
-1.3197842836380005,1.066674828529358
3.7701010704040527,-2.830631732940674
-1.8911705017089844,1.4482223987579346
-1.93952214717865,1.6298713684082031
1.0094610452651978,-0.7949107885360718
0.12193256616592407,-0.113491952419281
-0.6297694444656372,0.7560882568359375
-0.915820837020874,0.6751769781112671
-0.10421999543905258,0.0026404387317597866
-1.3587019443511963,1.3350123167037964
3.470776319503784,-2.777451276779175
1.3052599430084229,-1.123004674911499
-0.862586259841919,0.5942952632904053
-0.27788278460502625,0.13080744445323944
3.606200933456421,-2.9816372394561768
-0.7662770748138428,0.7896732091903687
2.5148682594299316,-2.024892807006836
-1.265383243560791,1.1317498683929443
-1.7537360191345215,1.4790897369384766
0.21367165446281433,0.011171159334480762
1.0172312259674072,-0.5426709651947021
-0.40778598189353943,0.4576554596424103
-0.5539233684539795,0.5330487489700317
0.039569955319166183,0.0391826294362545
0.7712318301200867,-0.24725791811943054
-0.31058400869369507,0.2770427167415619
1.0021339654922485,-1.1519310474395752
-0.551244854927063,0.7298972606658936
2.9964122772216797,-2.516864061355591
0.04579290375113487,-0.13073012232780457
0.45248323678970337,-0.5040451884269714
0.6022302508354187,-0.24084840714931488
-0.010244804434478283,0.29172515869140625
-1.6142103672027588,1.3523842096328735
0.5668988823890686,-0.2833957076072693
-1.085553765296936,0.9759038090705872
0.08858142048120499,-0.1299593448638916
-1.5705361366271973,1.5015482902526855
-1.6693508625030518,1.400386929512024
-0.6922041773796082,0.55817049741745
-0.34804999828338623,0.34159669280052185
-0.9868113994598389,0.8028596043586731
-0.43689286708831787,0.47727319598197937
0.22373050451278687,-0.019352657720446587
-1.004022240638733,1.058312177658081
-0.23218059539794922,0.03385762497782707
-0.4816354215145111,0.5909639000892639
-0.767988920211792,0.5619018077850342
-0.8669623732566833,0.6157534122467041
-1.5961536169052124,1.472983956336975
-0.7368104457855225,0.5367442965507507
0.09798086434602737,-0.16169226169586182
0.6062299013137817,-0.3184416890144348
-2.370002508163452,2.1099607944488525
0.16681434214115143,-0.0626305341720581
-2.0575263500213623,1.6933255195617676
0.9834820032119751,-0.9889822602272034
-0.493972510099411,0.4245583415031433
0.2651405334472656,-0.17022711038589478
-1.906909704208374,1.5863385200500488
-0.2404225915670395,0.3868049383163452
0.76711505651474,-0.6269162893295288
-2.3441355228424072,2.0991597175598145
-0.5843077898025513,0.8855612874031067
-1.1373380422592163,1.1059575080871582
-0.7680003046989441,0.759605348110199
0.724221408367157,-0.5166828036308289
-0.051589902490377426,0.22886908054351807
-0.3461993932723999,0.21581518650054932
3.271050453186035,-2.753488302230835
-0.4572606682777405,0.5494967699050903
-0.27788278460502625,0.13080744445323944
1.064215898513794,-0.8562374114990234
1.0304428339004517,-0.5537160038948059
-1.5797210931777954,1.5402448177337646
2.3497536182403564,-1.3898282051086426
3.2169928550720215,-2.537177085876465
-0.421307235956192,0.5280269384384155
-0.19098494946956635,-0.08683520555496216
-0.8374918699264526,0.9723345637321472
-0.23586568236351013,0.20510903000831604
-0.7694323658943176,0.5299778580665588
-1.1737937927246094,1.0710557699203491
-0.5269203186035156,0.5478517413139343
-1.3870371580123901,1.1901935338974
1.2648696899414062,-1.1019748449325562
0.4826167821884155,-0.4496786594390869
-2.0182409286499023,1.9436384439468384
-1.5328361988067627,1.4139480590820312
1.117374300956726,-1.1054681539535522
-2.1350722312927246,1.8264247179031372
-1.918210744857788,1.7965494394302368
0.4209611415863037,-0.2067338228225708
1.3518208265304565,-1.0203430652618408
-0.8560606241226196,0.7910926938056946
-2.0791208744049072,1.7401469945907593
-1.0487031936645508,1.0001952648162842
3.0212762355804443,-2.2823708057403564
3.554399013519287,-2.6387922763824463
-0.7311058640480042,0.7594074010848999
-1.4229252338409424,1.1686922311782837
1.5553563833236694,-0.8726998567581177
-1.9790949821472168,1.6542538404464722
-0.0853022113442421,0.028975075110793114
-1.2075445652008057,1.1212860345840454
-0.4127883315086365,0.7542865872383118
0.5717951655387878,-0.3799474239349365
-0.9194983243942261,0.7192235589027405
0.13691799342632294,-0.1201757937669754
-1.6054174900054932,1.467307209968567
-1.8631912469863892,1.6622143983840942
-1.1992403268814087,0.9267423748970032
-0.8848365545272827,0.9799607396125793
0.968047559261322,-0.974904477596283
1.5168882608413696,-1.3015042543411255
-1.3350147008895874,1.0749443769454956
-0.5479497313499451,0.6646902561187744
0.6999914646148682,-0.6975690126419067
-0.8630933165550232,0.8836937546730042
0.5670756101608276,-0.4421384930610657
-1.733795404434204,1.4735699892044067
-1.3641774654388428,1.2300482988357544
-1.8720582723617554,1.624786376953125
-1.359375238418579,1.4176750183105469
-0.49244511127471924,0.5836712121963501
3.492238998413086,-2.778324604034424
-0.9409245252609253,0.9382116794586182
2.5359551906585693,-1.7965798377990723
0.16964063048362732,-0.05423020198941231
2.88724684715271,-2.534358501434326
-0.4642484784126282,0.2930409610271454
-1.1178398132324219,0.9546594619750977
3.2670063972473145,-2.5484650135040283
1.365529179573059,-0.9862494468688965
-0.6743348240852356,0.6965416669845581
-1.346696376800537,1.2881543636322021
-0.05160566791892052,0.08338350057601929
-0.012054833583533764,0.24888931214809418
-1.7582554817199707,1.589339017868042
2.2158899307250977,-1.7484619617462158
1.5463972091674805,-1.5082656145095825
0.03457292541861534,0.06376737356185913
2.9877233505249023,-2.4248206615448
-1.5844783782958984,1.390591025352478
-0.6446195244789124,0.5496283769607544
-1.1316993236541748,0.912823498249054
-0.7927877306938171,0.7967836856842041
3.4369571208953857,-2.8949124813079834
0.18401232361793518,-0.12382850795984268
-1.4923515319824219,1.2776820659637451
-2.2657999992370605,1.9255512952804565
-1.93952214717865,1.6298713684082031
-0.31177639961242676,0.21521006524562836
-1.6973689794540405,1.55955970287323
-1.0121761560440063,1.1179759502410889
2.666735887527466,-2.2072393894195557
3.388127088546753,-2.907932996749878
-0.14219574630260468,0.14813090860843658
3.695504665374756,-2.824913263320923
-0.5046209096908569,0.5818690061569214
0.013024133630096912,-0.30359548330307007
1.2135405540466309,-0.5770571231842041
-1.4559248685836792,1.25612211227417
-0.20292671024799347,0.30550092458724976
3.597424030303955,-2.9557712078094482
-0.3064284026622772,0.42983734607696533
-1.6616528034210205,1.4670381546020508
-0.8311278820037842,0.7665950655937195
-1.9739450216293335,1.546069622039795
-1.0239229202270508,0.9304515719413757
-1.3357090950012207,1.1950898170471191
-0.18226316571235657,0.3304509222507477
-1.2210097312927246,0.9342367649078369
-0.2179618626832962,0.1623283475637436
0.8960728049278259,-0.8447535037994385
2.966402292251587,-2.2217113971710205
2.5391769409179688,-1.7846171855926514
-0.6355598568916321,0.7093344926834106
-0.3328894376754761,0.5654245615005493
-0.9350600242614746,0.805850088596344
3.7501654624938965,-2.8643202781677246
-0.6611232757568359,0.591318666934967
0.9211875200271606,-0.6539115905761719
0.45261767506599426,-0.315177321434021
0.646834671497345,-0.551755964756012
0.9790070652961731,-0.7482787370681763
-1.6470928192138672,1.4401309490203857
0.5527006983757019,-0.33844679594039917
-0.0858277752995491,0.16620023548603058
-1.6716279983520508,1.4357553720474243
-0.3851275146007538,0.7559552788734436
-0.9610201120376587,0.8869709372520447
0.7615950107574463,-0.4828434884548187
-0.730890154838562,0.646601676940918
-0.3176555633544922,0.38104361295700073
-1.0855919122695923,0.898716151714325
0.7615950107574463,-0.4828434884548187
2.2789971828460693,-1.6959636211395264
-1.1927900314331055,0.832073986530304
1.7071810960769653,-0.8847008943557739
-0.5402787327766418,0.6015371084213257
-0.7241957783699036,0.6982658505439758
3.460387945175171,-2.827934741973877
1.0529340505599976,-0.8345530033111572
-2.2516489028930664,1.9420264959335327
0.009103198535740376,0.2019967883825302
-0.07460446655750275,0.16925078630447388
-0.2379995882511139,0.2007039338350296
-0.3465401828289032,0.3587934374809265
-0.8820831775665283,0.9474496245384216
-1.4438281059265137,1.160327672958374
-1.7552356719970703,1.490907073020935
-0.6323590874671936,0.5444519519805908
0.12640874087810516,-0.04723295941948891
-2.1046173572540283,1.795045256614685
-0.8916106820106506,0.6853426098823547
3.5356502532958984,-2.8066601753234863
0.3249409794807434,-0.19422021508216858
3.446549654006958,-2.8324649333953857
0.37761035561561584,0.042309146374464035
0.23448088765144348,-0.04753383621573448
-2.3054988384246826,1.9753814935684204
-1.0729516744613647,1.3348228931427002
0.5264817476272583,-0.6366932988166809
1.1042457818984985,-0.8215591311454773
-0.1494813859462738,0.19699397683143616
-0.7788869738578796,0.8254498839378357
-0.8370604515075684,0.8245226144790649
0.5869275331497192,-0.6739490628242493
1.1035915613174438,-0.8464316129684448
-2.0475776195526123,1.9139845371246338
-0.9119428396224976,0.870796799659729
1.9168001413345337,-1.7341184616088867
1.129549264907837,-1.0478955507278442
-1.5254946947097778,1.3990315198898315
-0.24498869478702545,0.018110670149326324
-2.0503108501434326,1.8275766372680664
-1.0925142765045166,0.9745161533355713
1.2853349447250366,-0.858363926410675
1.009763240814209,-0.5469585061073303
-1.4016543626785278,1.3305504322052002
-1.8456721305847168,1.677865743637085
-1.4828619956970215,1.447904348373413
-1.5683945417404175,1.4827290773391724
3.3242645263671875,-2.708803653717041
0.3328026533126831,0.05241286754608154
-1.2443174123764038,1.124714970588684
-1.1997437477111816,1.4004955291748047
0.11578410863876343,-0.12285471707582474
-2.0924081802368164,1.891739845275879
-1.2019362449645996,1.1658143997192383
-1.9788635969161987,1.737382173538208
3.5579304695129395,-2.8767871856689453
0.20430949330329895,0.10809434950351715
-1.0753483772277832,1.0352107286453247
0.5474412441253662,-0.12171526253223419
3.584760904312134,-2.6392431259155273
1.5997252464294434,-1.5317479372024536
0.1845979392528534,-0.22619850933551788
-1.6352269649505615,1.4939303398132324
2.667823076248169,-2.122408390045166
1.237382173538208,-0.9079419374465942
0.8678947687149048,-0.4255327582359314
0.2285643219947815,-0.14695966243743896
-0.5589810609817505,0.358980655670166
-0.8066361546516418,0.6179482340812683
0.055722180753946304,-0.06245298311114311
-0.757054328918457,0.8331049680709839
-1.0104827880859375,0.8085156083106995
-0.6119635701179504,0.5404132008552551
-0.7854872941970825,0.6838290691375732
-1.4606478214263916,1.4361679553985596
-0.46974658966064453,0.29995545744895935
1.8425778150558472,-1.65412437915802
-1.350534439086914,1.3762741088867188
0.32977214455604553,-0.11855334043502808
-1.6731266975402832,1.3417943716049194
-0.932332456111908,0.7523794770240784
-0.29451993107795715,0.25900036096572876
-0.892738938331604,0.8485372066497803
-0.5015065670013428,0.5467351078987122
-0.2902827858924866,0.39070141315460205
0.8912954330444336,-0.8568792343139648
2.83483624458313,-2.039923906326294
-0.4970523416996002,0.43120333552360535
-0.42398500442504883,0.4814225435256958
-1.281679391860962,1.0818613767623901
-1.5832093954086304,1.4194477796554565
-0.5131791830062866,0.4631223678588867
-1.0207068920135498,0.941478967666626
-1.9461616277694702,1.5661039352416992
-2.0895631313323975,1.8484538793563843
0.10534448176622391,0.17159901559352875
1.0230530500411987,-0.6159085035324097
-0.051138151437044144,0.2572338283061981
0.3693248927593231,-0.26953375339508057
-2.0791208744049072,1.7401469945907593
-0.35136878490448,0.34029895067214966
3.46525502204895,-2.7508838176727295
-0.8472442030906677,0.8085334897041321
0.20591968297958374,0.021535934880375862
-1.6043657064437866,1.4209380149841309
-1.7130147218704224,1.590741515159607
-1.359375238418579,1.4176750183105469
-1.3203192949295044,1.313775897026062
0.7086519598960876,-0.7911888957023621
3.113196611404419,-2.646710157394409
2.006223440170288,-1.96327805519104
-0.8373870849609375,0.793250322341919
-0.49565207958221436,0.810883641242981
-0.4816744923591614,0.3541761040687561
-1.7895318269729614,1.427423357963562
0.9525558948516846,-0.6354266405105591
-0.5495335459709167,0.6440390944480896
1.888633131980896,-1.2180019617080688
1.942688226699829,-1.6331651210784912
-0.7664742469787598,0.5821843147277832
0.3104037344455719,-0.4594557285308838
-1.7058262825012207,1.5401803255081177
-2.115440845489502,1.8261672258377075
0.22513487935066223,0.07240290194749832
-1.03495454788208,0.8127079010009766
-0.709324836730957,0.750481367111206
-1.3329131603240967,1.2974207401275635
0.04269219562411308,-0.1850018948316574
0.8366327285766602,-0.7240931987762451
-0.6113210916519165,0.6649055480957031
-1.2092317342758179,1.2177331447601318
-1.1041443347930908,1.0472561120986938
-0.6580743193626404,0.7893304824829102
-1.9820990562438965,1.75419282913208
0.5740331411361694,-0.34696218371391296
-1.933733344078064,1.8372159004211426
3.3005435466766357,-2.7885332107543945
-1.5281864404678345,1.5120545625686646
-0.38373735547065735,0.3447459936141968
-1.3966630697250366,1.2695274353027344
-0.8730590343475342,0.5854939818382263
-0.8139736652374268,0.7940226793289185
-2.367426633834839,2.0095455646514893
0.5167789459228516,-0.37059521675109863
0.9413946270942688,-0.5435478091239929
0.18688689172267914,0.15392553806304932
2.574398994445801,-2.254727363586426
-1.2951360940933228,1.270179033279419
-1.153210997581482,0.980997622013092
-1.0247490406036377,0.8928037285804749
-2.023378372192383,1.6422842741012573
-1.2776144742965698,0.8996466398239136
0.9213564395904541,-0.6758366823196411
-0.03157806023955345,-0.14373502135276794
0.7959797382354736,-0.6008711457252502
-0.7566552758216858,0.5232573747634888
-2.281376600265503,1.8049299716949463
-0.3646404445171356,0.18864190578460693
-1.9474424123764038,1.7629283666610718
-0.9614943861961365,1.003525972366333
1.2694872617721558,-1.3118505477905273
-0.21312779188156128,0.25181788206100464
-0.4091923236846924,0.42636942863464355
-1.0983057022094727,1.1617333889007568
-0.6206393241882324,0.7583282589912415
-0.8342400789260864,0.9612472653388977
2.986401319503784,-2.6494712829589844
-1.249187707901001,1.0340620279312134
0.5688908696174622,-0.27976906299591064
-0.4562864601612091,0.3594723343849182
-0.6433807015419006,0.7198789119720459
-1.6701290607452393,1.4586201906204224
1.1482537984848022,-0.8431491255760193
-2.2450997829437256,1.980611801147461
-1.314286470413208,1.330389142036438
-1.2994791269302368,1.3849762678146362
-0.5187821388244629,0.38194048404693604
-1.7453868389129639,1.4663658142089844
2.947641134262085,-2.6228506565093994
-1.8116800785064697,1.6139805316925049
-1.8665461540222168,1.6596286296844482
-1.3390721082687378,1.39763605594635
1.5157734155654907,-1.0501031875610352
-2.323176860809326,2.0255587100982666
0.3726023733615875,-0.20778623223304749
0.3340376615524292,-0.39934465289115906
-1.6291873455047607,1.392124891281128
-1.6440246105194092,1.2051604986190796
0.09303461760282516,-0.15632641315460205
-0.9027336835861206,0.8397483229637146
-1.726308822631836,1.3613160848617554
-1.0236167907714844,0.7642737030982971
-0.8172980546951294,0.897563636302948
-1.6731266975402832,1.3417943716049194
0.8920634984970093,-0.5805301666259766
0.22152158617973328,-0.24264676868915558
-1.2438836097717285,1.0801706314086914
-1.0401155948638916,0.9287471175193787
-1.100520372390747,0.9985942244529724
-1.8527560234069824,1.6966283321380615
0.17960308492183685,-0.04739895835518837
0.8241255283355713,-0.8520282506942749
2.080500364303589,-1.8017828464508057
-0.42155376076698303,0.6510096788406372
1.0633760690689087,-0.7340855598449707
-0.4840009808540344,0.5421854853630066
-1.6905685663223267,1.4574536085128784
-1.157386064529419,1.0487695932388306
-0.5281124114990234,0.6762754917144775
-1.0426679849624634,1.0450096130371094
-0.5319501161575317,0.4475446939468384
-1.8309907913208008,1.7255595922470093
0.9044239521026611,-0.3774127960205078
1.6234341859817505,-0.9227104783058167
-0.037801917642354965,0.050469961017370224
0.11900048702955246,-0.1571158617734909
1.9692963361740112,-1.4437261819839478
-0.9670387506484985,0.872302770614624
-1.2095938920974731,1.1842310428619385
-1.56524658203125,1.3809877634048462
-1.7142119407653809,1.4684228897094727
-1.1042568683624268,1.1409152746200562
3.4258804321289062,-2.903747081756592
-1.5273267030715942,1.475228190422058
1.7395646572113037,-1.587297797203064
3.1877012252807617,-2.76491379737854
1.2258397340774536,-1.158642292022705
-0.38108211755752563,0.23562487959861755
3.5748977661132812,-2.5989413261413574
-2.191098928451538,1.9010778665542603
-1.055198311805725,0.834145188331604
-0.21992848813533783,0.36681514978408813
-0.8832051753997803,0.7849759459495544
-2.0583441257476807,1.77589750289917
-1.4132236242294312,1.2210603952407837
-1.6574746370315552,1.3355039358139038
-2.2056472301483154,1.7804590463638306
-2.0744621753692627,1.7526739835739136
-1.6215898990631104,1.39040207862854
1.258976697921753,-1.140264868736267
0.7740035057067871,-0.5832791328430176
3.2594265937805176,-2.7349040508270264
-1.4861407279968262,1.1923826932907104
-1.263373851776123,0.8092429637908936
1.1431026458740234,-0.5828941464424133
-1.5940556526184082,1.3562027215957642
-0.567238986492157,0.29289400577545166
-1.493350625038147,1.3313591480255127
-0.9114110469818115,0.6311981081962585
0.7017540335655212,-0.40760788321495056
-0.8673919439315796,0.6556717157363892
-1.620169997215271,1.319034457206726
-1.108116626739502,1.0810015201568604
-0.561316192150116,0.5197968482971191
-0.6674689054489136,0.6681799292564392
-0.15305113792419434,0.01324490737169981
3.6169421672821045,-3.007244110107422
0.5703812837600708,-0.19607698917388916
-1.805888056755066,1.5332049131393433
-2.2797610759735107,2.001664876937866
-1.2421107292175293,1.0007754564285278
-1.4623126983642578,1.459813117980957
0.7935286164283752,-0.6506893634796143
-0.9922826290130615,0.9070271849632263
3.3258473873138428,-2.899056911468506
0.10439417511224747,-0.27331051230430603
-2.386770486831665,1.9675071239471436
-0.2496844232082367,0.19695881009101868
-1.9336276054382324,1.6398807764053345
-0.27350687980651855,0.567959189414978
-0.465425968170166,0.2693828344345093
-1.893511414527893,1.7490051984786987
-1.726308822631836,1.3613160848617554
2.51874041557312,-2.2890841960906982
-0.6284028887748718,0.6552961468696594
-1.143214225769043,0.93463134765625
-2.6295084953308105,2.2146050930023193
3.3623545169830322,-2.8413000106811523
0.03360246494412422,0.08091942220926285
3.707185983657837,-2.9489634037017822
-0.6305541396141052,0.5294546484947205
0.2661168575286865,-0.22515042126178741
1.9117432832717896,-1.5012470483779907
-0.49405890703201294,0.251607209444046
1.486063003540039,-1.3265455961227417
0.6692785620689392,-0.365186482667923
-1.1503658294677734,0.7788284420967102
1.1188864707946777,-1.0196800231933594
0.6070005297660828,-0.3481122851371765
-0.2599675953388214,0.0959843248128891
-1.922104001045227,1.7762119770050049
-1.9265663623809814,1.767041563987732
-0.5910684466362,0.6019875407218933
1.9954636096954346,-1.2692995071411133
-2.207044839859009,1.730665683746338
-1.1247907876968384,1.0497528314590454
-0.9641357064247131,1.2453261613845825
2.320037841796875,-1.7568347454071045
-0.6631885170936584,0.7502517104148865
0.02876395545899868,0.05004370957612991
-0.09907323867082596,0.1951705664396286
0.15540733933448792,0.017318734899163246
-0.5261537432670593,0.5393143892288208
-1.1254972219467163,0.9724428653717041
-2.0406100749969482,1.781205654144287
-0.30536240339279175,0.49816787242889404
0.32940176129341125,-0.1360047161579132
-0.3193514943122864,0.3645433485507965
3.2136075496673584,-2.6939566135406494
0.06348282843828201,0.421139657497406
-2.1519672870635986,1.8958277702331543
0.42177248001098633,-0.20417118072509766
-1.2558854818344116,1.0248640775680542
3.263681411743164,-2.8607261180877686
-0.7984741926193237,0.5146777629852295
-0.773815393447876,0.7449160218238831
-1.5072174072265625,1.3220131397247314
-1.6967415809631348,1.597338080406189
1.4363528490066528,-1.261404037475586
-0.4836599826812744,0.6989944577217102
0.0034674156922847033,0.2021106779575348
-1.3867144584655762,1.2101939916610718
-0.04803823307156563,0.09930475801229477
-1.4948499202728271,1.3552379608154297
-0.9384635090827942,0.6693019866943359
3.681689739227295,-2.8745439052581787
-0.37121039628982544,0.5579972863197327
2.745772123336792,-2.078922986984253
-1.2751333713531494,0.9733997583389282
0.2611013352870941,0.13805870711803436
-0.16306719183921814,-0.006436699535697699
-1.7378801107406616,1.4307588338851929
-1.5212039947509766,1.3818285465240479
-1.7118726968765259,1.4339371919631958
-0.9027336835861206,0.8397483229637146
-0.5326996445655823,0.5034518837928772
-1.525882601737976,1.460226058959961
1.0448005199432373,-1.0993493795394897
-1.116260290145874,1.1096312999725342
0.21367165446281433,0.011171159334480762
-0.7555221915245056,0.8538885116577148
-0.7186365127563477,0.6004608869552612
0.2853197455406189,-0.12356796115636826
1.2733120918273926,-0.8231245875358582
-0.07806403189897537,0.07100927829742432
-0.44629284739494324,0.2703186869621277
-1.3717879056930542,1.0278815031051636
-1.3182406425476074,1.0820146799087524
1.5633571147918701,-1.1641771793365479
-1.659065842628479,1.3716880083084106
0.7126314640045166,-0.6367581486701965
0.3113674819469452,-0.45896023511886597
-0.26980188488960266,0.3774451017379761
-0.5457031726837158,0.6893704533576965
-1.6442919969558716,1.5621354579925537
-0.33648738265037537,0.18047009408473969
1.4876930713653564,-1.0450342893600464
-0.39034777879714966,0.25958752632141113
-0.8458423614501953,0.8305349946022034
-2.2458150386810303,2.012882947921753
-1.9409462213516235,1.67434561252594
-1.3904201984405518,1.4361321926116943
1.1773673295974731,-0.9775252938270569
-2.0013232231140137,1.871646523475647
1.91632080078125,-1.3765920400619507
2.588585138320923,-2.0514824390411377
1.8434193134307861,-1.473480224609375
-0.13530834019184113,0.1217225044965744
-0.8077841401100159,0.8230860233306885
0.15460148453712463,-0.20975053310394287
-1.8864390850067139,1.8655086755752563
3.5877344608306885,-2.940934658050537
1.7734476327896118,-1.731194019317627
-0.08204717934131622,0.11974044144153595
0.9651927947998047,-0.7862251996994019
2.7216551303863525,-2.14060378074646
-0.19483064115047455,0.3124057352542877
1.2312498092651367,-1.0308290719985962
-1.0617576837539673,1.0519216060638428
-0.03856885805726051,0.44343286752700806
0.7677525281906128,-0.9066377878189087
-0.5057251453399658,0.6566209197044373
-1.199900507926941,1.0588172674179077
-1.3834012746810913,1.1448371410369873
1.188915729522705,-1.1213207244873047
3.464752435684204,-2.9206879138946533
-0.03207121416926384,0.0899747908115387
-0.8682600855827332,0.7199663519859314
-1.2443174123764038,1.124714970588684
-0.467798113822937,0.5825803875923157
1.285090684890747,-1.1795573234558105
-2.105851411819458,1.8399198055267334
-0.8748961091041565,0.7089909911155701
-0.014820653013885021,0.1236409842967987
3.4417736530303955,-2.8105952739715576
0.8794070482254028,-0.7908653020858765
0.42690977454185486,-0.5182446241378784
0.5985331535339355,-0.24043846130371094
2.117781400680542,-1.5156127214431763
-1.8050365447998047,1.5267624855041504
0.5371845960617065,-0.4643014967441559
0.9555696845054626,-0.5061150789260864
-0.8103726506233215,0.9026638865470886
-0.3123016953468323,0.42145055532455444
-0.8097584247589111,0.8196646571159363
0.685737133026123,-0.7238889336585999
0.8663917779922485,-0.7477994561195374
-2.2533206939697266,2.1161086559295654
-0.7222926020622253,0.6903421878814697
-0.21957367658615112,0.25696074962615967
1.3724989891052246,-1.1516855955123901
-0.49055415391921997,0.5502783060073853
-0.2386152744293213,0.08653409779071808
3.462742567062378,-2.9929912090301514
-0.5876964926719666,0.5761142373085022
-1.3501110076904297,1.2573654651641846
-1.244852066040039,0.8850534558296204
-1.6242400407791138,1.3754676580429077
-0.8474282026290894,0.591305136680603
0.06576059013605118,0.1257680207490921
-0.9512699246406555,0.8542203903198242
-0.40778598189353943,0.4576554596424103
-1.1835261583328247,1.1015610694885254
2.7832577228546143,-1.8335844278335571
0.059938494116067886,0.048833396285772324
0.7929410338401794,-0.7313283681869507
-2.239879608154297,2.004741668701172
-1.7179064750671387,1.72451913356781
-1.3097114562988281,1.2260591983795166
-0.4469427466392517,0.30190518498420715
-0.49263423681259155,0.2562938332557678
-2.010554790496826,1.7203670740127563
-0.8812233209609985,0.8899908065795898
0.9272469878196716,-0.470683753490448
-0.22970445454120636,0.17105573415756226
-1.0068279504776,1.081429123878479
-1.718788743019104,1.547110676765442
0.14987251162528992,-0.16857194900512695
-0.9230358004570007,0.9318282008171082
-2.3421108722686768,1.9953584671020508
1.8947713375091553,-1.061812162399292
-0.8882446885108948,0.5853774547576904
-0.8190273642539978,0.7645101547241211
0.8466421365737915,-0.8249882459640503
0.32864195108413696,-0.1216777041554451
1.944545865058899,-1.4438658952713013
-1.7420802116394043,1.563009262084961
-2.1962389945983887,1.9700154066085815
-1.2755554914474487,1.1657211780548096
1.375828742980957,-1.1547844409942627
-0.9485243558883667,1.0148099660873413
0.9460055232048035,-0.9821273684501648
-0.8560606241226196,0.7910926938056946
-0.19860190153121948,0.18507550656795502
-1.8124661445617676,1.5397534370422363
2.133958578109741,-1.5368508100509644
-1.0331426858901978,0.9258531928062439
-0.3751135468482971,0.3301030099391937
-0.8040614724159241,0.701424777507782
-1.853892207145691,1.5673083066940308
0.4497188925743103,-0.6784080862998962
-1.929306149482727,1.5070521831512451
-0.42878520488739014,0.3760940432548523
0.10456768423318863,0.03591715916991234
-1.5969481468200684,1.4264273643493652
-1.8489831686019897,1.7000733613967896
-0.8582170605659485,0.9912916421890259
-0.44887587428092957,0.38590168952941895
-0.936942458152771,1.0127466917037964
-0.2136727273464203,0.1932600736618042
1.5195577144622803,-1.267835021018982
0.03381990268826485,-0.12521490454673767
0.0928824320435524,-0.15287967026233673
-1.690954327583313,1.4556366205215454
-0.16386230289936066,0.30308499932289124
-0.6675084233283997,0.4604474902153015
-0.03868160396814346,0.27843916416168213
1.0353138446807861,-0.9173309803009033
-0.4401613473892212,0.3265489339828491
-0.9858960509300232,1.0306572914123535
0.7505481243133545,-0.5313438773155212
-0.34915173053741455,0.2402941882610321
2.262352228164673,-1.639088749885559
-0.6676861047744751,0.6201898455619812
-0.7474413514137268,0.8333376049995422
-1.0036207437515259,0.9363194108009338
1.576600432395935,-1.3532850742340088
-2.216158151626587,1.826690912246704
-1.805888056755066,1.5332049131393433
0.6614421606063843,-0.4628089666366577
-0.34804999828338623,0.34159669280052185
1.1007359027862549,-0.651347279548645
-0.04558982700109482,0.08388375490903854
-0.9230358004570007,0.9318282008171082
0.9305897951126099,-0.21675218641757965
-1.6069990396499634,1.4955402612686157
2.922682046890259,-2.452038288116455
1.2378817796707153,-1.2381622791290283
-0.634905993938446,0.6327261328697205
3.322054147720337,-2.6370224952697754
0.04604955390095711,-0.04292881116271019
1.4080851078033447,-0.7910749912261963
-2.0317604541778564,1.947020411491394
-1.9384074211120605,1.5589936971664429
0.454007089138031,-0.001103962422348559
-1.2327407598495483,1.3411457538604736
-1.5969481468200684,1.4264273643493652
2.5132522583007812,-2.0595173835754395
0.2207145392894745,-0.22712202370166779
-0.6713922023773193,0.5652597546577454
-1.4934608936309814,1.2940938472747803
3.0163464546203613,-2.3969368934631348
-2.3886871337890625,1.9135478734970093
-0.9908878803253174,0.9132798314094543
-0.3146163821220398,0.4380393624305725
-1.199033498764038,0.9594908952713013
0.11621516942977905,0.006907676812261343
-1.175690770149231,1.1204050779342651
-1.2968738079071045,1.1899874210357666
-2.1368751525878906,1.9268255233764648
-0.4949018359184265,0.4281260073184967
2.5026867389678955,-2.213407516479492
-1.0868703126907349,1.0044124126434326
-0.3919268250465393,0.3626173436641693
2.881316661834717,-2.5079519748687744
0.09113802015781403,0.18013708293437958
-0.3220684230327606,0.6410610675811768
-2.01320743560791,1.8173058032989502
-0.9061836004257202,1.004199504852295
-0.2821126878261566,0.30051159858703613
-1.5925676822662354,1.6902514696121216
-0.5206798315048218,0.5167384147644043
0.2918882668018341,-0.525249719619751
-1.4978904724121094,1.285752296447754
-0.7968370914459229,0.5936107039451599
2.551663398742676,-2.156761884689331
-0.38137415051460266,0.40106141567230225
-0.4952603280544281,0.29667770862579346
-2.289853096008301,1.9429556131362915
-0.5355143547058105,0.4615890681743622
-1.5076117515563965,1.2776001691818237
-1.0631884336471558,0.7874201536178589
0.09516259282827377,-0.10906539112329483
-1.3491365909576416,1.3551661968231201
-0.25148749351501465,0.21561068296432495
1.9392093420028687,-1.6546474695205688
0.39870601892471313,-0.3278777599334717
-0.23268190026283264,0.29955029487609863
-0.02565777860581875,-0.15692710876464844
1.9862253665924072,-1.6991605758666992
-0.13530834019184113,0.1217225044965744
0.17192265391349792,0.08958055078983307
0.2320978343486786,-0.23931819200515747
-0.07818903774023056,0.1686074435710907
-1.2239245176315308,1.3827651739120483
0.6705777645111084,-0.4828459322452545
-0.49430859088897705,0.6191838383674622
-0.49826568365097046,0.2637860178947449
-1.2363667488098145,1.0689139366149902
2.270632266998291,-1.9616249799728394
-2.3451592922210693,2.031395435333252
-0.5187297463417053,0.4241381883621216
0.053409066051244736,0.15891854465007782
-0.13250750303268433,0.019790710881352425
-0.8551689982414246,0.701831042766571
-1.8522742986679077,1.6793906688690186
-0.8805868625640869,0.6251721382141113
-1.5496509075164795,1.3559650182724
-0.20197077095508575,0.28793445229530334
-0.08126053214073181,0.08102226257324219
-2.0654797554016113,1.748179316520691
1.2920464277267456,-1.0376980304718018
-0.9176335334777832,0.8367134928703308
1.7976232767105103,-1.3599038124084473
-0.08086613565683365,0.12821157276630402
3.6509673595428467,-2.716034173965454
-0.4320760667324066,0.38217443227767944
-1.6087770462036133,1.432859182357788
-0.17166918516159058,0.2468058317899704
0.13378137350082397,-0.02178436703979969
0.6692785620689392,-0.365186482667923
1.7170084714889526,-1.5922191143035889
2.151121139526367,-1.6511574983596802
